hs1 150293720 150308979 0.3552894
hs2 175176258 175184607 0.9671717
hs12  53632726  53677408 0.9419192
hs16  21952660  21983660 0.5372671
hs1  11066618  11099881 0.5151033
hs17  17977409  18039209 0.5097614
hs10  69180232  69209099 0.5088968
hs7  25120091  25125361 0.5045537
hs2  37231631  37253403 0.4941634
hs7    549197    727650 0.4930876
hs7 107044649 107161811 0.4928910
hs8  12721894  12756073 0.4826389
hs2 218274192 218292586 0.4822430
hs7  78017057  79453574 0.4797297
hs9 137306896 137423262 0.4785592
hs8  86553977  86743675 0.4781818
hs9 133351755 133356676 0.4692623
hs3  65353525  66038834 0.4685494
hs19  29205321  29213541 0.4684288
hs21  33903453  33915980 0.4683053
hs2  96266132  96273349 0.4676007
hs9  76385517  76394517 0.4668335
hs7 139777051 140020325 0.4667774
hs17  68511780  68551319 0.4660767
hs19  15672757  15697174 0.4653465
hs19  15878023  15898120 0.4628099
hsX 118974614 119018355 0.4626866
hs7  99828013  99866102 0.4620462
hs5  77029251  77065234 0.4609665
hs8  25427847  25458476 0.4595960
hs8  64587763  64798761 0.4594595
hs7    983199    989640 0.4594595
hs8 100157906 100259278 0.4591503
hs1 155277583 155289848 0.4590444
hs19    589893    617159 0.4580032
hs5 140664676 140674124 0.4579606
hs5 160009113 160065543 0.4573379
hs19  15912367  15934867 0.4569536
hs3 122412332 122416051 0.4559068
hs6  44113454  44127457 0.4554054
hs3  48744597  48847846 0.4553314
hs1   9234775   9271337 0.4552846
hs2  72129238  72148038 0.4546980
hs12 102073103 102120124 0.4536680
hs20   5126786   5197887 0.4530516
hs2 201644870 201698694 0.4529617
hs14  67241109  67335819 0.4525463
hs16  57447425  57461275 0.4525386
hs11  66257294  66267860 0.4515050
hs16   4354542   4425705 0.4509091
hs3  25782917  25794534 0.4505882
hs11  18529609  18588747 0.4504881
hs7 103297422 103329511 0.4502994
hs16  69131291  69231130 0.4501845
hs12 123232916 123257959 0.4498270
hs10 103367967 103389065 0.4494949
hs16   2155698   2178129 0.4491979
hs7  98877933  99013243 0.4491870
hs7  24573268  24694193 0.4489559
hs2 238426742 238452250 0.4482759
hs1  43358955  43363203 0.4482143
hs3  48599002  48610976 0.4480676
hs2 202874782 203014798 0.4480287
hs8  42849637  42897290 0.4480000
hs13  41216369  41263577 0.4480000
hs2  74483073  74494886 0.4479718
hs4  10074339  10116949 0.4477352
hs5  10564330  10650196 0.4472362
hs22  40824535  40857022 0.4471947
hs17  45023340  45061109 0.4465116
hs22  19330698  19447450 0.4464610
hs4  95840019  95841474 0.4463625
hs3 129440036 129520507 0.4462963
hs12  66135846  66170072 0.4462687
hs3 113286930 113441610 0.4461538
hs1 205086142 205122015 0.4460967
hs21  44107290  44131181 0.4459930
hs11   6680782   6683401 0.4458673
hs12  47661249  47706061 0.4458015
hs6  37353972  37394738 0.4457831
hs1  54715822  54742657 0.4457594
hs2 196967017 197311173 0.4457308
hsX 118346073 118449961 0.4456929
hs14  24114195  24125242 0.4456328
hs6  10694695  10709782 0.4456328
hs10   5498697   5499555 0.4455067
hs1 111439890 111449376 0.4454545
hs1 207034366 207081024 0.4454429
hs14  77672404  77708020 0.4453441
hs19   2977446   2995184 0.4453125
hs5  77425970  77620611 0.4452830
hs6  78935867  79078236 0.4452424
hs15  63608618  63833942 0.4452424
hs9  26904083  26947463 0.4450450
hs1  31259568  31296782 0.4450085
hs6 152987362 153002685 0.4449541
hs15  78277835  78299794 0.4448000
hs5 115520908 115544894 0.4447717
hs5 140401814 140539856 0.4447674
hs6 135283532 135497776 0.4446494
hs4 147637785 147684230 0.4446309
hs11 126202094 126211692 0.4445714
hs19  12688053  12696643 0.4444444
hs2 203238449 203305840 0.4444444
hs9  81583683  81689305 0.4442478
hs16  71281389  71289715 0.4442105
hs4 124664052 124712732 0.4439655
hsX  53374149  53422728 0.4438964
hs19  48445773  48457022 0.4438306
hs10   6144934   6235545 0.4437086
hs5  37379212  37753435 0.4436229
hs5  73552335  73565686 0.4434783
hs3 139355600 139389732 0.4430605
hs1 167935783 168075843 0.4426559
hs12 103587273 103766727 0.4426230
hs14  69050881  69153150 0.4425612
hs11  73876699  73927745 0.4424779
hs3 177019355 177197473 0.4423729
hs3  39051998  39096671 0.4423077
hs6 136822564 136913937 0.4422383
hs14  20365667  20413429 0.4421416
hs1 175010789 175023425 0.4420550
hs20  57351010  57379211 0.4420290
hs2 172555373 172608669 0.4419192
hs3  52254421  52288020 0.4418605
hs5 138187648 138213343 0.4417549
hs19   1876810   1885547 0.4417178
hs19   1876810   1885547 0.4417178
hs21  36385378  36419015 0.4416517
hs1 175944831 176207493 0.4416058
hs2 233210051 233295674 0.4415808
hs15  59206823  59208515 0.4415584
hs2  36843640  36966472 0.4414894
hs22  37658727  37666934 0.4412607
hs15  42412823  42491123 0.4411215
hs3  10293131  10321178 0.4411215
hs20   9986126  10058303 0.4410480
hs16    684622    690444 0.4409594
hs17  50693190  50707924 0.4408602
hs6 106629578 106668417 0.4406393
hs16   3024027   3027755 0.4405850
hs14  77800083  77935012 0.4405507
hs17  35128753  35142315 0.4405360
hs17  67070438  67245989 0.4404568
hs10 110567691 110604636 0.4403778
hs4 151670504 151761023 0.4403778
hs15  70047790  70098176 0.4403509
hsX  24465221  24539837 0.4403292
hs2   9206765   9405683 0.4402985
hs14  90396502  90408261 0.4402390
hs14  90396502  90408261 0.4402390
hs14  90396502  90408261 0.4402390
hs14  90396502  90408261 0.4402390
hs14  90396502  90408261 0.4402390
hs14  90396502  90408261 0.4402390
hs14  90396502  90408261 0.4402390
hs14  90396502  90408261 0.4402390
hs14  90396502  90408261 0.4402390
hs14  90396502  90408261 0.4402390
hs14  90396502  90408261 0.4402390
hs14  90396502  90408261 0.4402390
hs14  90396502  90408261 0.4402390
hs14  90396502  90408261 0.4402390
hs14  90396502  90408261 0.4402390
hs14  90396502  90408261 0.4402390
hs14  90396502  90408261 0.4402390
hs14  90396502  90408261 0.4402390
hs14  90396502  90408261 0.4402390
hs14  90396502  90408261 0.4402390
hs14  90396502  90408261 0.4402390
hs14  90396502  90408261 0.4402390
hs14  90396502  90408261 0.4402390
hs14  90396502  90408261 0.4402390
hs14  90396502  90408261 0.4402390
hs14  90396502  90408261 0.4402390
hs14  90396502  90408261 0.4402390
hs14  93934153  93976791 0.4402332
hs10 101354033 101557321 0.4402080
hs19  40691529  40718207 0.4401009
hs2   3188925   3377882 0.4400786
hs12 118032694 118062430 0.4400685
hs6  31959080  31969755 0.4399460
hs17  29614756  29622907 0.4399261
hs9 113275343 113292905 0.4398625
hs5 136028895 136063818 0.4397810
hs2 223855716 223945387 0.4397810
hs4   8366282   8440723 0.4396552
hs10  87659613  87747705 0.4396552
hsX  48590042  48608867 0.4396226
hs7  23710167  23832513 0.4395770
hs10  48684876  48982956 0.4395393
hs17  68420948  68457513 0.4395161
hs12 120461668 120469793 0.3048780
hs12 120461668 120469793 0.3048780
hs6  30617709  30626395 0.4362934
hs10  73110375  73131828 0.3632385
hs9 136410570 136423761 0.5319489
hs10  99711844  99732100 0.5195072
hs5  53560633  53683340 0.4955947
hs11   6234765   6244429 0.4946237
hs19   7926718   7943920 0.4903226
hs2  98346155  98398601 0.4835766
hsX 151738451 151745304 0.4809160
hs19   1241746   1244826 0.4777448
hs4  47935977  48016672 0.4753199
hs15  51208057  51338610 0.4747826
hs19  41088472  41096195 0.4708904
hs19  40843538  40882210 0.4701874
hs2 100273291 100322733 0.4694215
hs19  15508493  15552317 0.4693878
hs19  40875439  40882752 0.4693878
hs1 153678637 153693992 0.4692654
hs15  74337759  74367740 0.4688027
hs8 142872356 142879846 0.4682274
hs1  47023568  47050751 0.4674658
hs10 102830531 102837533 0.4670051
hs10 133520406 133561220 0.4666667
hs8 142910559 142917843 0.4664430
hs10  95036772  95069497 0.4662162
hs9  35792154  35809732 0.4660057
hs10   7788129   7807815 0.4659498
hs1  46757838  46819413 0.4655462
hs9 134135365 134159968 0.4653465
hs19  41193049  41207539 0.4653130
hs10  94762624  94853260 0.4651952
hs6  32038265  32041670 0.4651163
hs7  92112151  92142952 0.4650767
hs10  94938658  94989390 0.4645270
hs10  94683621  94736190 0.4642857
hs10 133379234 133391694 0.4641509
hs13  52652709  52700909 0.4637168
hs12   4649095   4694317 0.4636785
hs19  40991299  41018398 0.4636210
hs12  57762334  57768986 0.4635762
hs2 218781749 218815293 0.4634551
hs14  99684304  99727301 0.4633731
hs10  93060808  93069536 0.4631218
hs10  93073475  93077890 0.4630872
hs12  14612632  14696585 0.4628331
hs1  47137435  47149741 0.4625850
hs1  47137435  47149741 0.4625850
hs1  47137435  47149741 0.4625850
hs1  47137435  47149741 0.4625850
hs1  47137435  47149741 0.4614094
hs1  47137435  47149741 0.4614094
hs1  47137435  47149741 0.4614094
hs1  47137435  47149741 0.4614094
hs12  49866896  49904217 0.4625720
hs4 186191520 186213456 0.4624374
hs7  99684679  99735196 0.4620462
hs7  99684679  99735196 0.4620462
hs7  99684679  99735196 0.4620462
hs7  99684679  99735196 0.4620462
hs7  99684679  99735196 0.4587459
hs7  99684679  99735196 0.4587459
hs7  99684679  99735196 0.4587459
hs7  99684679  99735196 0.4587459
hs19  15615617  15662825 0.4619205
hs19  15615218  15630638 0.4617940
hs2 127184120 127220078 0.4614094
hs2  99318982  99340702 0.4613139
hs22  42126499  42130906 0.4612795
hs22  42126499  42130906 0.4612795
hs22  42126499  42130906 0.4612795
hs22  42126499  42130906 0.4612795
hs22  42126499  42130906 0.4605042
hs22  42126499  42130906 0.4605042
hs22  42126499  42130906 0.4605042
hs22  42126499  42130906 0.4605042
hs8  94895767  95116455 0.4612676
hs19  41114432  41128366 0.4611486
hs20  54153449  54173973 0.4611486
hs2  38066973  38109902 0.4610052
hs15  74748844  74756202 0.4607679
hs17   8002594   8020339 0.4607407
hs1  59893308  59926790 0.4606365
hs4 107931369 107953457 0.4600000
hs11  14877440  14892252 0.4598662
hs20  25294743  25390983 0.4596100
hs9 124853417 124857890 0.4595041
hs1  47067488  47118319 0.4586847
hsX 109372906 109482072 0.4584488
hs7  99756960  99784265 0.4579901
hs1 113390749 113685923 0.4579208
hs3  52075253  52154690 0.4578512
hs2  69395750  69437628 0.4573864
hs20  44942130  44960486 0.4573379
hs5 154887416 154938209 0.4570896
hs6  32168212  32178096 0.4567308
hs7  99648194  99679998 0.4564860
hs6 108294894 108526796 0.4564860
hs6  46549580  46652830 0.4558059
hs16  57735730  57757250 0.4557596
hs5  45259247  45696151 0.4557166
hs22  27978014  28679865 0.4556787
hs19  17511629  17521288 0.4555556
hs1 171314208 171342084 0.4554455
hs8 143990058 143993415 0.4551607
hs15  74719542  74725610 0.4551495
hs4  84582979  84651338 0.4548652
hs11  62602218  62612765 0.4538745
hs15  73319859  73369264 0.4536585
hs12  89419718  89526024 0.4536424
hs8  58490178  58500236 0.4534050
hs1  43172149  43254358 0.4530387
hs18   9102630   9134345 0.4529086
hs1  51789191  51878937 0.4522293
hs9  21967753  21995301 0.4519056
hs3 127689062 127823250 0.4518987
hs2 241675742 241686991 0.4518614
hs12  50103819  50111319 0.4510035
hs3  32105689  32168713 0.4510035
hs1 228139962 228148984 0.4509804
hs11  74171099  74254703 0.4509246
hs16    649311    667833 0.4509091
hsX 154778684 154821007 0.4508671
hs3  47413694  47477126 0.4506518
hs5  55112995  55173175 0.4501845
hs6  34288770  34426048 0.4500724
hs2 240479422 240569209 0.4498208
hs16   4340251   4420494 0.4492754
hs17  43875357  43909711 0.4492415
hs10  28050993  28334486 0.4490741
hs9 120751978 120793412 0.4486486
hs12  96907223  96953777 0.4485981
hs11  61873519  61892051 0.4482143
hs11  64185272  64204543 0.4480797
hs19   3506273   3538330 0.4480287
hsX  70444861  70505490 0.4479532
hsX 154531391 154547572 0.4478442
hs17   7189890   7219702 0.4477086
hs4 176065834 176182818 0.4476534
hs1  23019448  23083689 0.4476440
hs8 144262102 144291370 0.4475655
hs7 134127299 134264591 0.4473068
hs4  73073376  73258798 0.4472934
hs16  23581002  23596356 0.4472123
hs1 241652278 241802133 0.4471698
hs2  10302889  10427617 0.4468938
hs8 144095027 144097525 0.4466192
hs12 107685732 107713167 0.4465291
hs17  43800799  43833170 0.4463869
hsX  15235288  15270467 0.4461305
hs8 120380761 120445402 0.4461009
hs1  32885994  32898441 0.4457831
hs2 174072447 174248698 0.4457143
hs16  21233665  21253845 0.4456693
hs17   2689386   2712663 0.4455645
hs3  42856005  42876165 0.4454713
hs18  23598926  23662885 0.4454148
hs1 235661041 235883640 0.4452975
hs18  56651343  57036606 0.4452690
hs6  89433170  89633834 0.4450952
hs9 129634604 129642169 0.4448529
hs1 117929720 117966542 0.4448276
hs2  85539165  85545280 0.4447005
hs2 159235793 159286799 0.4446337
hs15  88636153  88656483 0.4444444
hs13  51584455  51767707 0.4444444
hsX  96684663  97604997 0.4444444
hs3   3126916   3150879 0.4443155
hs13 108596152 109208007 0.4442748
hs10  80271820  80289684 0.4441887
hs18  57548283  57586772 0.4441558
hs16    784974    788397 0.4440639
hs19  45606994  45645629 0.4440433
hs2  28894643  28948222 0.4440299
hs20  32858923  32961609 0.4440000
hs20  32858923  32961609 0.4440000
hs14  99737693  99942060 0.4438306
hs22  37019635  37029822 0.4438202
hs14  35401511  35404749 0.4437690
hs7 108470422 108569666 0.4435318
hs14  30893799  31026401 0.4434470
hs11  47214465  47239240 0.4434137
hs15  51447711  51622833 0.4432030
hs19   8697397   8698822 0.4432030
hs17  54951902  54968785 0.4431818
hs5 140401908 140549569 0.4431655
hs11  60890730  60906588 0.4431239
hsX  43766611  43882447 0.4431058
hs15  43330674  43354555 0.4430823
hs3 197042560 197299300 0.4428740
hs17  51260528  51297936 0.4428044
hs8  54135210  54147901 0.4427746
hs2 190189735 190344193 0.4427673
hs4 153152342 153339320 0.4427350
hs16    367384    370527 0.4426966
hs22  37830855  37849327 0.4426471
hsX  64224196  64230631 0.4425982
hs14  54938950  55027105 0.4425287
hs13  43023203  43114224 0.4424779
hs2 208236227 208266074 0.4424658
hs3 160399274 160434962 0.4424020
hs8  41653220  41896762 0.4423631
hs5 119037772 119249138 0.4423440
hs15  79293285  79298235 0.4423077
hs4  84669610  84966391 0.4423077
hs1 200969390 201023700 0.4422383
hs2 197499994 197503457 0.4420207
hs22  45344063  45413619 0.4420024
hs9  98731329  98796965 0.4419971
hs3 167478684 167653983 0.4419476
hs19  46719507  46746994 0.4418605
hs17  63009556  63427699 0.4417614
hs7 100673531 100679174 0.4414261
hs8 103414714 103443453 0.4413919
hs12  48147788  48181213 0.4413490
hs11  61799625  61829318 0.4412297
hs15  40569300  40574943 0.4411765
hs17  27294076  27313631 0.4411277
hs14  88612431  88792752 0.4410714
hs19  45782947  45792802 0.4410163
hs19  16719976  16817963 0.4410163
hs1 171185208 171211230 0.4408946
hs15  41774434  41827855 0.4408602
hs1 160215715 160262531 0.4408397
hs3 132680609 132722442 0.4408100
hs12  21635342  21757857 0.4407895
hs11  83455012  85627922 0.4407186
hs5  34656237  34832627 0.4407028
hs17   2593210   2685615 0.4406780
hs3  57268347  57292682 0.4406528
hs11 110429883 110464881 0.4406504
hs12  51887960  51891664 0.4405941
hs15  68578969  68727806 0.4405850
hs3 196554177 196568674 0.4405850
hs6   4115689   4135597 0.4405507
hs16  30182827  30189076 0.4405204
hs20  38805705  38923024 0.4403670
hs3  46979683  47009703 0.4402277
hs2  29192774  29921566 0.4402250
hs9  22002903  22009363 0.4402174
hs16   1972037   1982933 0.4402080
hs19  18097793  18151692 0.4401544
hs3 130678935 130746829 0.4401349
hs4 112818109 113383740 0.4400000
hs2 218264123 218270257 0.4400000
hs5 181236909 181248096 0.4399323
hsX  15281697  15315656 0.4398782
hs4  82818661  82901166 0.4398422
hs6 110180141 110254275 0.4397906
hs3  49007062  49015953 0.4397706
hs6  31879759  31897687 0.4397678
hs22  43132206  43143394 0.4397516
hs9  75088543  75147265 0.4397496
hs12  76763588  76853696 0.4397059
hs6 147387664 147390465 0.4395161
hs17 48892765 48895871 1
