hs3  65353525  66038834 0.8176606
hs7  78017057  79453574 0.7655172
hs2  38797729  38875934 0.6523256
hs5  56099678  56233359 0.6060255
hs1 180154834 180204030 0.6579841
hs11  62856102  62888875 0.6123147
hs3  48625723  48635493 0.7655334
hs5  96875939  96919716 0.7545662
hs19   9835257   9849682 0.7265446
hs1 241532134 241595642 0.6997664
hs10   5861617   5889906 0.6182238
hs2  53670293  53860160 0.6513234
hs2  53670293  53860160 0.6513234
hs2  53670293  53860160 0.6513234
hs2  53670293  53860160 0.6513234
hs2  53670293  53860160 0.6471264
hs2  53670293  53860160 0.6471264
hs2  53670293  53860160 0.6471264
hs2  53670293  53860160 0.6471264
hsX  24465221  24539837 0.7296984
hs7 141738321 141787922 0.7468499
hs2 214725646 214809711 0.6205306
hs22  46330875  46357340 0.8752860
hs2    264140    278283 0.6932870
hs1 182573634 182589256 0.6628308
hs1  45012147  45015575 0.7993119
hs12 103930107 103953645 0.7393800
hs8  72019917  72075617 0.6251442
hs19  47349281  47382704 0.6666667
hs1   9234775   9271337 0.7575406
hs4  17577192  17607972 0.7077100
hs10  25016658  25026664 0.8325843
hs6  30653119  30673037 0.6849475
hs1 180269653 180502954 0.6301843
hs2 196967017 197311173 0.6551724
hs11  75434640  75525903 0.6276958
hs21  46286337  46297751 0.4220930
hs10 104235356 104267459 0.5682088
hs5 140401814 140539856 0.6551326
hs20  58689131  58719238 0.7068966
hs4 107590276 107720452 0.6575342
hs1  11066618  11099881 0.6400000
hs7 140673153 140696261 0.7575758
hs8   6708357   6759666 0.5513577
hs7 118214673 118242731 0.6444189
hs3  38346760  38421348 0.5674091
hs14  93934153  93976791 0.6425287
hs19   2785460   2815807 0.6698002
hs5 113513683 113595285 0.6945412
hs16  67237683  67272190 0.6392111
hs2 102619707 102711318 0.6271777
hsX  46599252  46759172 0.6147636
hs20  13849247  13996443 0.5869312
hs3  48744597  48847846 0.6813441
hs10  87659613  87747705 0.6643599
hs5  55256245  55307722 0.6585082
hs12  48105139  48146404 0.7601351
hs12 102120185 102197520 0.2733728
hs8  25427847  25458476 0.5156431
hs18  21704957  21870957 0.6349024
hs12  57619527  57626151 0.7268464
hs6  83859643  83967424 0.7189989
hs7  16091192  16421322 0.6305085
hs2   8725278   8837630 0.6609195
hs17  47941506  47948288 0.6682464
hs10  91798312  91865276 0.6517241
hs2 130459455 130509666 0.6198157
hs21  42496008  42581440 0.4912485
hs7  73328164  73358637 0.6818713
hs1 154321090 154325325 0.6043578
hs7  24573268  24694193 0.9270239
hs1 207034366 207081024 0.7606742
hs1 202961869 202967280 0.7417520
hs21  44300051  44327376 0.7533784
hs19   4791681   4801273 0.6361530
hs2 238426742 238452250 0.6265896
hs8   9555914   9782346 0.6540230
hs19  32597007  32676597 0.6394948
hs5  35617844  35814611 0.4267735
hs10 125896539 126009592 0.6578341
hs5  79111779  79132290 0.6763679
hs2  45388680  45612165 0.8741419
hs16   2520357   2531422 0.5384615
hs6 107152557 107459564 0.8327606
hs20   6006090   6040053 0.8415614
hs1 145670852 145708148 0.4380841
hs11 119185457 119190223 0.4023392
hs19  40691529  40718207 0.7846674
hs7  16599776  16645817 0.6160093
hs12 123232916 123257959 0.9339408
hs12 124946825 124989122 0.6499417
hs19   5784832   5791238 0.8731924
hs2 158968634 159232659 0.6467204
hs12  10699089  10723312 0.6730552
hs20   5126786   5197887 0.9232532
hs2  88170295  88186636 0.5887743
hs10  12068972  12123225 0.7395833
hs12  66302545  66347645 0.3633178
hs13  41216369  41263577 0.9431172
hs6 152987362 153002685 0.9395667
hs14  67241109  67335819 0.9338655
hs2 201644870 201698694 0.9315068
hs11 126202094 126211692 0.9287330
hs17  45023340  45061109 0.9191344
hs19  10251901  10260045 0.9189498
hs17  50367857  50373214 0.9182747
hs1  39841022  39883511 0.9180887
hs3   3126916   3150879 0.9180887
hs3  25782917  25794534 0.9175258
hs11   6680782   6683401 0.9146758
hsX  41514934  41923463 0.9083885
hs11  72292425  72434680 0.9079956
hs10  73248843  73252693 0.8984018
hs19  17334920  17342735 0.8975771
hs10 103245887 103248016 0.8972067
hs12   6867119   6870948 0.8942203
hs2 210002565 210022259 0.8904867
hsX 154295671 154330350 0.8874598
hs3  10248023  10281218 0.8873239
hs4 163471093 163473746 0.8865096
hs10  14838164  14871741 0.8861439
hs17  40388516  40417950 0.8858988
hs4  99896248  99946726 0.8847385
hs7  73680969  73683453 0.8843683
hs3  53224707  53256052 0.8841202
hs21  14371115  14383484 0.8836713
hs1   6634168   6701924 0.8827292
hs9 111631352 111654351 0.8826041
hs3  25597905  25664907 0.8825431
hs16   4425805   4456775 0.8816631
hs12  49346917  49357546 0.8814103
hs9 111631386 111670229 0.8814103
hs15  40765155  40807477 0.8812834
hs1 175010789 175023425 0.8812785
hs21  33903453  33915980 0.8806683
hs8 124488485 124539458 0.8796992
hs17  63600872  63608365 0.8794489
hs10  21756537  22003769 0.8784648
hs10  72332830  72355230 0.8784648
hs3 186567403 186597203 0.8775293
hs20  63895182  63936031 0.8773987
hs8  66021560  66100526 0.8773987
hs7 103297422 103329511 0.8772727
hs12  32727490  32755902 0.8771552
hs3  48599002  48610976 0.8764302
hs12  55820960  55830824 0.8760684
hs8 144078626 144080647 0.8755365
hs13  95677139  95794989 0.8751323
hs19   6361452   6368908 0.8745724
hs15  78264086  78282196 0.8743344
hs17  41976433  42021376 0.8730159
hs10  67796665  67838166 0.8725910
hs3  58427630  58433857 0.8724324
hs12  55720367  55724705 0.8715499
hs21  36134912  36146566 0.8715499
hs3 136250306 136337896 0.8714286
hs6  33204642  33206831 0.8710359
hs19  38915266  38930896 0.8707983
hs2  18554723  18560680 0.8707627
hs17  82057506  82065887 0.8707182
hs12  56951431  56959374 0.8701162
hs14  24232422  24239242 0.8699892
hs21  36069941  36073166 0.8694268
hs2 182716041 182794464 0.8686975
hs14  23953586  23969279 0.8679446
hs12  56752161  56787790 0.8678647
hsX 107628424 107651026 0.8678038
hs2 215996329 216082955 0.8672287
hs4   7058906   7068197 0.8669575
hs1  31296982  31364953 0.8667426
hs17  36591798  36600806 0.8663158
hs17  82035136  82037732 0.8658923
hs18  68673688  68715298 0.8656716
hs9 110243811 110256640 0.8644610
hs4  87336610  87391386 0.8642105
hs16  84122146  84145192 0.8641189
hs3 197509783 197573323 0.8640674
hs4 168863770 169010275 0.8638743
hs13 100089015 100530435 0.8635887
hs19  48813017  48836678 0.8634454
hs14  60144120  60169856 0.8633018
hs1  12567910  12617731 0.8633018
hs16    283152    287215 0.8632025
hs14  67676801  67695814 0.8630573
hs6   7881517   7910814 0.8630137
hs16  67987746  68079320 0.8629834
hs2  70935882  70965406 0.8629283
hs1  47333797  47378839 0.8628510
hs1 109213918 109238169 0.8627859
hs11  66848233  66958376 0.8623950
hs2 238060889 238099413 0.8613445
hs2  75646783  75690851 0.8610792
hs4 103079435 103099883 0.8610526
hs11  43556436  43856617 0.8610526
hs16  78099413  79212667 0.8609626
hs8  20197367  20226819 0.8608515
hs15  45402331  45421419 0.8603930
hs2  43812472  43838865 0.8603930
hs17  36601572  36608971 0.8601790
hs17  76309486  76384521 0.8601253
hs2  27217390  27243943 0.8601253
hs6   2765414   2786952 0.8599585
hs11   3000922   3057613 0.8598326
hs2  32063611  32157637 0.8596491
hs14  52707172  52728587 0.8596491
hs3  50569152  50596168 0.8595745
hs7 149003062 149028641 0.8595565
hs16  89490917  89557768 0.8595041
hs1   1512151   1534687 0.8595041
hs16  48166910  48247568 0.8593588
hs18   9885726   9889275 0.8592751
hs11  47418769  47426473 0.8592133
hs2 105037983 105099960 0.8590814
hs2 163593396 163736012 0.8590674
hs2 218658764 218663443 0.8590674
hs3 113747019 113812056 0.8590674
hs16  28842411  28846408 0.8586171
hs19  39971005  39981441 0.8586171
hs6  32845209  32853978 0.8584711
hsX  12791355  12824222 0.8583333
hs4  88090264  88231322 0.8583247
hs2 168922938 169031322 0.8583247
hs6  30908242  30926459 0.8583247
hs6  43427366  43450430 0.8581781
hs14  51240162  51257546 0.8580508
hs13  30202630  30307484 0.8575851
hs1 200623896 200669969 0.8574402
hs7  50444128  50542535 0.8574380
hs4 145097932 145129179 0.8574380
hs2  23748664  23927114 0.8572906
hs21  42199689  42297244 0.8572906
hs7  90335223  90391455 0.8572906
hs6  32821833  32838780 0.8572906
hs11 119149012 119162653 0.8572906
hs7  87401697  87480435 0.8572906
hs19   5691834   5720572 0.8571429
hs17  63827152  63832026 0.8571429
hs17  18840085  18931287 0.8571429
hs4  83455932  83469735 0.8571429
hs15  82130230  82262763 0.8568486
hs5  74721204  74767371 0.8568486
hs5  55738017  55817157 0.8568465
hs1 220094102 220148041 0.8567010
hs1 173824503 173858546 0.8565531
hs16  70299224  70373383 0.8565489
hs7  87503633  87713323 0.8564050
hs3 183015218 183116075 0.8563941
hs3 128064778 128153914 0.8562565
hs13 110641412 110713603 0.8562434
hs9  76385517  76394517 0.8561565
hs20  35668055  35699359 0.8561001
hs17  44849943  44899662 0.8558187
hs6  73394748  73417569 0.8558091
hs12 104215779 104350305 0.8557994
hs4  56393362  56435615 0.8557994
hs7  92487020  92528531 0.8556701
hs22  38705723  38738299 0.8556701
hs9  35056064  35073249 0.8555212
hs3 184186023 184194012 0.8555212
hs3 155870536 155944026 0.8554974
hs6  80106647  80346270 0.8554477
hs2  43838964  43878466 0.8553719
hs18  46917492  47102243 0.8553719
hs5    218241    256700 0.8552916
hs1   1471769   1497848 0.8552223
hs10  68901278  68946847 0.8550725
hs17  80135214  80147183 0.8549223
hs4  44678427  44700926 0.8547889
hsX  78065188  78129296 0.8547718
hs11 126262919 126269144 0.8547718
hs18  63389190  63422483 0.8546392
hs6  49785934  49787187 0.8546210
hs6  42963870  42979220 0.8544892
hs2 197705369 197708387 0.8544892
hs6 155257509 155314493 0.8544699
hs5 180300690 180353387 0.8544503
hs11  17392885  17476845 0.8543388
hs16  48082973  48156018 0.8541882
hs10  68956128  68985073 0.8540373
hs19  33386950  33521794 0.8538622
hs9  35812960  35815354 0.8538136
hs3 158644278 158692575 0.8537590
hs6  31777518  31795953 0.8536082
hs19  18919675  18928627 0.8535826
hs12  22046174  22065674 0.5320140
hs2 130611481 130658091 0.6170704
hs9  41131306  41199261 0.6146789
hs1 150293720 150308979 0.3285884
hs1 193096468 193106114 0.6362600
hs7  75899200  75986855 0.6226636
hs3 155821024 155854429 0.5375447
hs16  21952660  21983660 0.6795775
hs5 177379235 177398848 0.3087719
hs10   3066333   3137712 0.7466216
hs17  68511780  68551319 0.6705471
hsX  15384799  15493564 0.6211251
hs14  95533503  95544724 0.6085450
hs4  77862520  77952790 0.5436782
hs11  59806135  59810872 0.8428246
hs1   1401908   1407313 0.8187001
hs1 156737303 156741590 0.7485649
hs9  86264546  86282538 0.7756264
hs19  17292609  17306843 0.6068075
hs5   1798386   1801366 0.6020882
hs6  42206801  42217865 0.7031070
hs10  49734643  49762379 0.7415205
hs16  69328621  69330595 0.7929062
hs12 109097574 109110992 0.6543353
hs2  27771717  27988087 0.5279429
hs6  43671303  43687791 0.5201381
hs14  73949926  73963670 0.6564345
hs9 122264603 122323464 0.8100686
hs1  36455718  36464437 0.6939954
hs19   1241746   1244826 0.7147971
hs5  65722196  65871725 0.6725352
hs19  29205321  29213541 0.6775320
hs10  95605929  95656706 0.8105381
hs5 141923808 141942047 0.5603751
hs6  44113454  44127457 0.7289294
hs7  55951819  55956501 0.6793981
hs17  75261674  75266373 0.8526786
hs21  25585656  25607517 0.6892655
hs22  50200979  50217616 0.5500000
hs1 151759643 151763564 0.6489607
hs7  95583499  95596491 0.7728311
hs1 226897536 226987545 0.7831461
hs11  34915829  35020591 0.8251121
hs17    799313    979770 0.4970964
hs20  38962299  39039723 0.6573427
hs17    782273    792509 0.7912844
hs2  10122328  10131419 0.7162630
hs19  44747705  44760044 0.6175115
hs18    657604    673578 0.6914414
hs17  10672474  10698375 0.6109813
hs19  19192229  19201869 0.6258661
hs11  74171099  74254703 0.6659065
hs3 111979010 111993363 0.4959350
hs12  66135846  66170072 0.6627358
hs5  75611459  75671846 0.6271577
hs7  36153149  36301543 0.5559400
hs12  53500921  53506431 0.4235294
hs1 211571568 211578742 0.7384961
hs5  96760810  96808100 0.7474286
hs17  28662091  28702684 0.7129630
hs10  97426160  97433441 0.6561443
hs10  97426160  97433441 0.6561443
hs10  97426160  97433441 0.6561443
hs10  97426160  97433441 0.6561443
hs10  97426160  97433441 0.7446569
hs10  97426160  97433441 0.7446569
hs10  97426160  97433441 0.7446569
hs10  97426160  97433441 0.7446569
hs1  26410778  26429722 0.6797688
hs7 107660635 107717809 0.7303634
hs22  38111495  38205690 0.6386651
hs4 177309836 177362943 0.7114486
hs6 104728093 104859919 0.6386651
hs17  50094737  50112152 0.7757437
hs22  50523568  50526439 0.6123399
hsX 108084207 108091618 0.6490826
hs17  48892765  48895871 0.4659498
hs20  18567453  18763917 0.7586207
hs12  53632726  53677408 0.4456392
hs2 175176258 175184607 0.4575866
hs15  75346955  75357114 0.4082840
hs10  47348371  47357875 0.5034722
hs17   5440912   5469060 0.6557760
hs11    747329    765024 0.8177677
hs10   6144934   6235545 0.7221597
hs17  81703357  81707526 0.8050750
hs1  27098815  27166981 0.6202091
hs10   5890203   5937594 0.4448276
hs9  94558720  94593793 0.6102088
hs2 172555373 172608669 0.8132875
hs5   1456480   1523977 0.6161027
hsX   1403139   1453762 0.8503937
hs5 115520908 115544894 0.6401384
hs3  16265199  16350299 0.7167431
hs16   2177180   2196525 0.6231214
hs20   9986126  10058303 0.6429392
hs17  47522942  47623276 0.7420091
hs17  47522942  47623276 0.7420091
hs17  47522942  47623276 0.7420091
hs17  47522942  47623276 0.7420091
hs17  47522942  47623276 0.7420091
hs17  47522942  47623276 0.7420091
hs17  47522942  47623276 0.7522831
hs17  47522942  47623276 0.7522831
hs17  47522942  47623276 0.7522831
hs17  47522942  47623276 0.7522831
hs17  47522942  47623276 0.7522831
hs17  47522942  47623276 0.7522831
hs2 240565804 240581372 0.7425629
hs10 125836337 125896436 0.6526316
hs17   7288252   7294615 0.6775648
hs9  32972606  33025168 0.5840000
hs11   7665100   7677222 0.7454955
hs1 179081377 179098023 0.4473988
hs3 114005833 114088422 0.8233296
hs2  96836611  96858095 0.6193772
hs14  18967434  18999012 0.6270208
hs13  49247925  49293485 0.4737443
hs2  27253684  27275817 0.7092760
hs15  70654554  70763593 0.6250000
hs8  56957933  56993844 0.5331010
hs14  77800083  77935012 0.7847534
hs4 185363879 185395899 0.4689332
hs17  59565525  59608345 0.6526316
hs4 124664052 124712732 0.6620690
hs9 137306896 137423262 0.5383707
hs5  73552335  73565686 0.6593533
hs10   5638867   5666595 0.6317606
hs16  72093562  72112912 0.6643275
hs1 201982372 202006147 0.7394286
hs1 234391313 234479103 0.8295455
hs14  24439766  24442905 0.5908571
hs22  36487190  36507101 0.5373134
hs2  97492663  97589965 0.6032483
hs2 130073535 130129222 0.6221198
hs3 184346185 184361651 0.5770115
hs10  90912096  90921276 0.6298851
hs9 127794597 127814327 0.9072626
hs10  28050993  28334486 0.9304447
hs2 174072447 174248698 0.9386364
hs4 112818109 113383740 0.6616972
hs16  69706996  69726951 0.3738318
hs17   7189890   7219702 0.9076397
hs1 113390749 113685923 0.8566514
hs7 107765467 107803225 0.7420868
hs11 114439386 114450279 0.5368171
hs1 202348699 202592706 0.6193772
hsX 154778684 154821007 0.9316629
hs12  50103819  50111319 0.9020501
hs16  89267627  89490561 0.6092486
hs22  42617840  42649568 0.7423033
hsX 154531391 154547572 0.7292882
hs19  35533412  35545316 0.9079823
hs3 197042560 197299300 0.9018265
hs7 143316126 143352083 0.5960875
hs15  68277803  68295865 0.6388889
hs14  35401511  35404749 0.6080925
hsX  15281697  15315656 0.6053241
hs11  77216558  77301687 0.7080045
hs18  23598926  23662885 0.6578035
hs3  94047836  94063389 0.6908881
hs5 115962454 116027619 0.7451429
hs2  96824526  96857934 0.6278802
hs12  48147788  48181213 0.6349024
hs9 127692978 127724873 0.8428899
hs3  32105689  32168713 0.8977273
hs14 103928462 104052667 0.6596491
hs15  21408243  21440451 0.6342593
hs3 154272546 154324497 0.6592765
hs18   9136228   9285985 0.6205306
hs5  34656237  34832627 0.6435986
hs17  43800799  43833170 0.9200913
hsX  64224196  64230631 0.6176130
hs7 134127299 134264591 0.9100228
hs9  40223285  40266392 0.6060255
hs3  57268347  57292682 0.6342593
hs2  24049701  24063681 0.7364865
hs8  37762593  37779767 0.9006849
hs9  68232003  68300015 0.6197022
hs9  68232003  68300015 0.6197022
hs9  68232003  68300015 0.6197022
hs9  68232003  68300015 0.6197022
hs9  68232003  68300015 0.6197022
hs9  68232003  68300015 0.6197022
hs9  68232003  68300015 0.6197022
hs9  68232003  68300015 0.6197022
hs9  68232003  68300015 0.6197022
hs9  68232003  68300015 0.6197022
hs9  68232003  68300015 0.6197022
hs9  68232003  68300015 0.6197022
hs9  68232003  68300015 0.6197022
hs9  68232003  68300015 0.6197022
hs9  68232003  68300015 0.6197022
hs9  68232003  68300015 0.6123853
hs9  68232003  68300015 0.6123853
hs9  68232003  68300015 0.6123853
hs9  68232003  68300015 0.6123853
hs9  68232003  68300015 0.6123853
hs9  68232003  68300015 0.6123853
hs9  68232003  68300015 0.6123853
hs9  68232003  68300015 0.6123853
hs9  68232003  68300015 0.6123853
hs9  68232003  68300015 0.6123853
hs9  68232003  68300015 0.6123853
hs9  68232003  68300015 0.6123853
hs9  68232003  68300015 0.6123853
hs9  68232003  68300015 0.6123853
hs9  68232003  68300015 0.6123853
hs9  68232003  68300015 0.6112385
hs9  68232003  68300015 0.6112385
hs9  68232003  68300015 0.6112385
hs9  68232003  68300015 0.6112385
hs9  68232003  68300015 0.6112385
hs9  68232003  68300015 0.6112385
hs9  68232003  68300015 0.6112385
hs9  68232003  68300015 0.6112385
hs9  68232003  68300015 0.6112385
hs9  68232003  68300015 0.6112385
hs9  68232003  68300015 0.6112385
hs9  68232003  68300015 0.6112385
hs9  68232003  68300015 0.6112385
hs9  68232003  68300015 0.6112385
hs9  68232003  68300015 0.6112385
hs5  55160118  55167071 0.6506448
hs9  83623049  83644130 0.6081395
hs7 123567010 123639481 0.6366782
hs17  16683438  16684227 0.7424942
hs2 102473303 102533972 0.6289017
hs3   3700814   4467281 0.5094118
hsX  70444861  70505490 0.9166667
hs9 129803153 129811281 0.7074286
hs10  97572499  97583884 0.6182238
hs9 127731524 127735317 0.6329114
hs8  11769639  11787346 0.5811765
hs4  24517441  24584550 0.6538462
hs13  49628299  49633872 0.6313993
hs1 182839369 182887751 0.6581395
hs3 143265222 143848531 0.6176808
hs10 104268873 104304945 0.5436081
hs8  41653220  41896762 0.6574713
hs6  28503296  28528215 0.6415981
hs12  49950741  49958881 0.6152968
hs3 139560180 139678017 0.5981308
hs11 125063067 125090516 0.5365854
hs6  35943514  36024868 0.7187865
hs4    979073    993440 0.7450292
hs10  89430299  89556641 0.5569620
hs7 103352730 103446177 0.7280188
hs17  80219699  80253500 0.7713951
hs19   1905378   1913447 0.8357705
hs19  17511629  17521288 0.7233796
hs16  20359170  20404737 0.8158192
hs14  31446036  31457510 0.3473684
hs17   3565444   3636249 0.5906499
hs17   3565444   3636249 0.5906499
hs4   2071918   2242121 0.8066362
hs10 116671192 116742574 0.5289352
hs15  89784889  89815401 0.7400228
hs12  56237807  56258391 0.6509759
hs4 110365733 110565285 0.7465753
hs7   4905989   4959213 0.3744131
hs2  95836919  95991831 0.5955968
hs9  33383179  33402682 0.5905963
hs9  33383179  33402682 0.5905963
hs9  33383179  33402682 0.5905963
hs9  33383179  33402682 0.5905963
hs9  33383179  33402682 0.5905963
hs9  33383179  33402682 0.5905963
hs9  33383179  33402682 0.5935706
hs9  33383179  33402682 0.5935706
hs9  33383179  33402682 0.5935706
hs9  33383179  33402682 0.5935706
hs9  33383179  33402682 0.5935706
hs9  33383179  33402682 0.5935706
hs1 147175351 147243050 0.6179907
hs1  58415384  58546802 0.6520710
hs4  84582979  84651338 0.9266896
hs12  72087266  72670757 0.7369021
hs15 100602534 100651705 0.6355248
hs13  43879284  43893932 0.5885111
hsX 135985439 136047264 0.6096441
hs6  28525925  28534952 0.6415981
hs1 228139962 228148984 0.9306818
hs7 117363222 117428123 0.6351039
hs12  57768471  57772793 0.7543253
hs22  37830855  37849327 0.6326062
hs1  52602372  52609051 0.6427732
hs20  38805705  38923024 0.5969977
hs3 127689062 127823250 0.7822671
hs1 100186919 100249834 0.8210291
hs16   8852942   8869012 0.6459276
hs15  20835372  20866314 0.6358382
hs15  20835372  20866314 0.6358382
hs15  20835372  20866314 0.6358382
hs15  20835372  20866314 0.6358382
hs15  20835372  20866314 0.6393064
hs15  20835372  20866314 0.6393064
hs15  20835372  20866314 0.6393064
hs15  20835372  20866314 0.6393064
hs17  74862497  74873031 0.7705287
hs22  43955421  44010531 0.6568047
hs11  67606852  67612535 0.7559591
hs9  78297143  78330093 0.7445339
hs5  96935394  97037515 0.7477169
hs12  56470944  56488414 0.5894737
hs15  48331011  48343373 0.7806524
hs3  98521132  98593723 0.6273810
hs14  64939152  64942905 0.6373239
hs18  57548283  57586772 0.8121354
hs6 159789812 159798436 0.4373522
hs8  54135210  54147901 0.9236902
hs16  23581002  23596356 0.9091954
hs12  57782589  57808071 0.8480000
hs15  63121800  63142061 0.5161290
hs15  79845195  79923754 0.7261220
hs14  74881891  74903745 0.8283166
hs22  43132206  43143394 0.8390805
hs19  10310045  10316015 0.5957447
hs5 154941070 154969411 0.7361751
hs11  31432401  31509645 0.8112773
hs8 120380761 120445402 0.9340909
hs10   3137728   3172841 0.7077100
hs18   9102630   9134345 0.7165899
hs2  69395750  69437628 0.7117853
hs6  30617709  30626395 0.3843458
hs11 112024814 112064390 0.8193042
hs11  74491712  74493733 0.7532014
hs7 135926761 135977353 0.6382488
hs7 135926761 135977353 0.6382488
hs14  22766522  22773041 0.7283372
hs11  68891276  68903835 0.5650645
hs3 180983709 180989774 0.5589920
hs7  44606572  44709066 0.7338045
hs6  73461578  73509236 0.8284424
hs13  23730189  23889419 0.6764361
hs5 140401908 140549569 0.6616801
hs19   1103926   1106791 0.6462985
hs5 151020438 151028993 0.6415981
hs7  23298739  23311729 0.7870370
hs5  43602692  43707405 0.6790267
hs1 228165815 228182257 0.5992991
hs6  34889265  35091413 0.6254335
hs4  73056080  73069755 0.5759346
hs4  73073376  73258798 0.6766398
hs9 129812944 129824134 0.6274286
hs15  40569300  40574943 0.9334837
hs16    784974    788397 0.9298643
hs2  85539165  85545280 0.9239501
hs17  43875357  43909711 0.9212329
hs10  80271820  80289684 0.9207248
hs2 197499994 197503457 0.9131905
hs12   6533927   6538374 0.9016575
hs5  31400497  31532196 0.9001135
hs17  82078338  82098332 0.8941566
hs6  32168212  32178096 0.8934708
hs1  33007984  33080996 0.8882922
hs2  74198562  74217565 0.8858397
hs14  64388031  64463457 0.8852459
hs9   4709559   4742043 0.8848224
hs11  64230278  64234286 0.8847385
hs4 127781821 127840733 0.8846154
hs15  65001512  65029639 0.8838992
hs9  33025211  33039907 0.8837953
hs6  31815464  31817946 0.8827292
hs6  31815464  31817946 0.8827292
hs6  31815464  31817946 0.8827292
hs6  31815464  31817946 0.8827292
hs6  31815464  31817946 0.8836713
hs6  31815464  31817946 0.8836713
hs6  31815464  31817946 0.8836713
hs6  31815464  31817946 0.8836713
hs11  31369840  31432832 0.8835470
hs11 123057489 123063230 0.8828541
hs6  31809619  31815065 0.8828541
hs4  74114174  74303099 0.8826754
hs5 138554882 138575444 0.8826041
hs13  31134974  31162388 0.8826041
hs10 103396648 103446292 0.8821622
hs6 150865549 151101887 0.8819672
hs6 109492856 109691217 0.8817204
hs1 161524540 161526910 0.8816631
hs16  46955362  46973788 0.8816631
hs2 219279267 219286900 0.8816631
hs5 139408588 139444491 0.8815368
hs5  34929593  34958964 0.8815368
hs7 157335381 157417439 0.8815368
hs3 128462439 128467248 0.8815368
hs11  83455012  85627922 0.8810069
hs9 132725578 132878777 0.8809524
hs5 133051962 133106449 0.8805970
hs14  64535905  64546173 0.8805970
hs22  40859549  40862126 0.8804696
hs2  27275421  27281499 0.8800857
hs11 119044189 119057202 0.8794023
hs9 127866480 127877743 0.8787234
hs11  73950319  73970366 0.8785942
hs9  34989641  34998900 0.8785942
hs19  14514770  14529770 0.8785942
hs7 108569568 108574850 0.8784648
hs6 107867756 107958189 0.8780749
hs1  15526813  15592379 0.8776596
hs9 125234853 125241330 0.8764643
hs17  43483865  43544463 0.8763441
hs1  77979175  78017964 0.8752665
hs10  73183362  73248862 0.8731343
hs1  65147549  65232145 0.8728814
hs1  65147549  65232145 0.8728814
hs1  65147549  65232145 0.8728814
hs1  65147549  65232145 0.8728814
hs1  65147549  65232145 0.8730159
hs1  65147549  65232145 0.8730159
hs1  65147549  65232145 0.8730159
hs1  65147549  65232145 0.8730159
hs1  77282051  77559969 0.8727466
hs16  82035004  82098534 0.8710359
hs17  28897781  28903071 0.8704883
hs1 212791828 212816626 0.8704497
hs8  90001405  90052092 0.8702532
hs16    401826    412487 0.8690602
hs19  55039108  55071291 0.8689218
hs12  56923154  56934405 0.8687831
hs2 169064789 169096167 0.8686441
hs4  87303789  87322906 0.8682824
hs4 174490177 174523154 0.8682824
hs5 119452443 119637199 0.8681435
hs8  73294612  73325281 0.8663158
hs1  28199456  28233025 0.8660907
hs6  16238580  16295549 0.8659459
hsX   2219516   2502805 0.8656085
hs18  63327726  63367510 0.8655462
hs19  10013249  10022279 0.8654048
hs8  56300010  56320776 0.8654048
hs17   9771434   9791297 0.8652632
hs14  67701886  67734452 0.8651212
hs16  67430652  67437553 0.8650372
hs1 209686178 209734950 0.8649789
hsX  53431258  53434373 0.8648363
hs10 130136399 130184521 0.8646934
hs3 126103562 126197994 0.8643533
hs5 131159027 131171735 0.8642630
hs17  42549214  42555213 0.8640674
hs18  46080248  46104334 0.8638254
hs14  24290598  24299833 0.8637804
hs14  23630115  23645639 0.8630137
hs22  40346500  40369367 0.8626198
hs17  37084988  37406818 0.8618143
hs2 171999583 172082430 0.8617464
hs12  39550033  39619751 0.8612836
hs6 143422832 143450673 0.8612653
hs17  21123364  21193265 0.8611987
hs1 244408494 244452134 0.8611111
hs9 110303521 110337884 0.8607864
hs12 109116595 109268226 0.8607864
hs4  98995620  99062813 0.8607069
hs1   1308567   1311677 0.8606383
hs21  33503931  33543491 0.8604651
hs16  15949577  16143074 0.8603930
hs9 104781002 104928237 0.8602484
hs8 123319850 123416350 0.8602484
hs12  56638175  56646068 0.8601036
hs3 123067062 123225227 0.8600212
hs9  96235306  96302152 0.8600000
hs4 122923074 123319450 0.8595041
hs5 149345430 149354583 0.8594771
hs2  10783391  10837977 0.8594080
hs12 105019784 105084577 0.8593914
hs17  68867292  68955392 0.8593588
hs3  49024325  49029408 0.8592751
hs22  36467036  36482030 0.8592437
hs14  95086228  95158010 0.8592284
hs7 107563484 107578464 0.8590164
hs14 104724186 104747325 0.8589744
hs14  23969874  24006408 0.8589608
hs14  23969874  24006408 0.8589608
hs17  69147214  69244846 0.8586171
hs7 151207837 151227230 0.8584711
hs9  99979179 100099040 0.8583600
hs19   5680604   5688523 0.8583510
hs22  20965108  20981360 0.8583247
hs2 215311817 215349773 0.8580931
hs2 135906677 135986100 0.8577320
hs17   4948092   4957131 0.8575884
hs16  75627474  75648643 0.8574380
hs1 224227334 224330387 0.8574380
hs3 112990918 113015060 0.8572961
hs7  18026774  18027863 0.8572917
hs12  21797401  21941402 0.8572906
hs7 151028422 151047782 0.8572906
hs1   1449689   1470158 0.8572906
hs2 219209768 219218990 0.8571429
hs10  99782732  99852192 0.8571429
hs20  63488013  63499315 0.8568486
hsX  51743431  51746232 0.8568486
hsX  24054716  24077971 0.8568486
hs6 134960378 135103056 0.8568486
hs15  65148219  65185342 0.8567010
hs15  43746392  43773279 0.8566913
hs17  46590669  46757464 0.8565531
hs6   5261044   5771580 0.8565531
hs10  77969251  78029545 0.8565531
hs16  70289663  70335283 0.8565489
hs7 128392277 128410252 0.8565356
hs7 117465784 117715971 0.8564050
hs18  57600656  57622213 0.8564050
hs16   2275881   2340746 0.8564050
hs6 149594873 149648972 0.8564050
hs17  69244311  69327244 0.8564050
hs2 210477682 210679107 0.8563886
hs1 229516582 229558695 0.8562565
hs17  69078702  69141888 0.8562565
hs7  48171458  48647496 0.8561077
hs11 125903376 125923263 0.8561001
hs16  11868128  11916082 0.8558187
hs17  37609739  37643464 0.8558091
hs3 131462212 131502983 0.8558091
hs10 116849512 116911788 0.8557994
hs16  69311356  69326939 0.8556701
hs5  62387254  62403939 0.8556594
hs20  62183029  62203568 0.8555212
hs12   6913745   6923698 0.8555094
hs22  31399523  31528740 0.8553719
hs13  95019829  95301433 0.8553719
hs7  20615207  20777038 0.8553719
hs6  30571376  30597179 0.8553719
hs17  18087886  18107971 0.8553719
hs15 101653598 101724604 0.8553719
hs12 122920951 122981649 0.8553719
hs1 119031216 119140671 0.8553459
hsX  75053172  75156732 0.8552223
hs19   1040101   1065572 0.8552223
hs1  54756898  54764514 0.8552223
hs22  38483440  38507660 0.8550725
hs6  73515750  73523797 0.8547889
hs3 186783205 186789900 0.8547718
hs9  92210207  92293716 0.8546392
hs18  12328944  12377314 0.8546392
hs17  81843159  81860694 0.8545838
hs1  93992835  94121132 0.8544892
hs2 214931542 215138428 0.8543388
hs1 219968601 220046658 0.8543388
hsX  22999961  23003589 0.8543184
hs17  63773603  63819317 0.8540373
hs2  55236595  55269347 0.8537590
hs17  64499616  64508199 0.8537344
hs2  86020216  86106155 0.8536082
hs12  79773563  79935460 0.6221198
hsMT      5904      7445 0.5790671
hsMT      7586      8269 0.5831435
hsMT      8527      9207 0.6646778
hsMT      9207      9990 0.5783410
hsMT     10059     10404 0.5686499
hsMT     14747     15887 0.5414747
hs4  39459000  39477653 0.7995470
hs11 120511759 120988904 0.3827305
hs16   3651639   3717597 0.7411226
hs2 197515571 197553699 0.8477273
hs2 197515571 197553699 0.8477273
hs9 136410570 136423761 0.6509434
hs6  44246166  44253888 0.7416378
hs3  49357176  49358600 0.6451234
hs9 128309103 128322742 0.7986270
hs9  98731329  98796965 0.6450867
hs5 149960737 149993455 0.7289720
hs1  42682395  42702349 0.6764374
hs6  32194843  32224067 0.6212471
hs17  55392613  55421992 0.4058140
hs7 150514830 150521073 0.3751438
hs17  75012670  75021261 0.6161137
hs5  79069717  79089466 0.4583822
hs12  76763588  76853696 0.6359447
hs15  34358618  34367278 0.5390898
hs9  94603133  94640249 0.6036866
hs9 136494444 136545862 0.6168981
hs14 102080738 102139699 0.7407834
hs16  58707131  58734357 0.6202965
hs1 220057482 220090462 0.5948778
hs1 171090877 171117819 0.6596737
hs22  19941607  19969975 0.5200918
hs12  25204789  25250936 0.6824859
hs3  47802909  47850195 0.6604651
hs10  85599555  86366493 0.4498270
hs17  27756766  27800499 0.6182670
hs2  27496842  27523684 0.3266272
hs14  54842008  54902852 0.7701149
hs9 136673143 136687423 0.4934602
hs11  28108248  28333507 0.8109339
hs20  25294743  25390983 0.6978335
hs8 143790920 143815379 0.6228172
hs12  96000828  96043520 0.7459954
hs1  11785723  11806920 0.7981651
hs7 151175698 151187832 0.6085450
hs9  33441154  33447611 0.6057143
hs6  31879759  31897687 0.6433486
hs5  80626228  80654983 0.7045977
hs6 104957048 105083332 0.6739631
hs8  91209494  91398152 0.7388759
hs1 171248471 171285978 0.6152941
hs9 100099256 100301000 0.6324885
hs2 208236227 208266074 0.6805399
hs15  90929964  90932569 0.7608696
hs4  44682200  44726595 0.5443925
hs9  97600080  97633575 0.4321133
hs1 205913048 205943460 0.6881594
hs8 100509752 100559784 0.5965318
hs18  14507339  14543585 0.6351039
hs1 151070578 151125542 0.6082949
hs4 176213673 176277571 0.6085450
hs18  12093853  12129749 0.6141367
hs15  64911902  64958700 0.6274510
hs17  63009556  63427699 0.6659039
hs15  79833585  79897379 0.7065593
hs2  74518131  74526336 0.6584795
hs5 141991749 142013041 0.5630841
hs7  56064002  56080670 0.5017626
hs1   1418420   1421769 0.6398159
hs22  15690026  15721631 0.6307870
hs3   9837849   9844602 0.5116822
hs10 113854661 113917194 0.4525205
hs6  89433170  89633834 0.6451613
hs21  13609858  13641585 0.6312139
hs9 137459953 137550534 0.7663982
hs22  41560763  41577741 0.6395480
hs3  15667236  15859771 0.6509759
hs15  50275392  50355408 0.6209677
hs9 113161006 113221361 0.6975945
hs10  75233969  75236030 0.5275862
hs20  49812713  49892242 0.6251442
hs14  19402486  19434341 0.6235566
hs19   7534004   7561764 0.7744534
hs8 102204502 102239118 0.7151096
hs17  81833492  81835050 0.6191024
hs13  46771256  46797232 0.6214623
hs11  83193739  83260694 0.6117512
hs2 131218067 131265278 0.6239908
hs1  51789191  51878937 0.8193326
hs18  14728272  14852738 0.6027714
hs10 7788129 7807815 1
