hs20  38033546  38127780 0.7117904
hs3 127672935 127680920 0.7099567
hs18  35984387  36067576 0.7086957
hs11  46277661  46321422 0.7072072
hs1 235131634 235328219 0.7058824
hs8  96225920  96235634 0.7051282
hs16  19167971  19268334 0.7040359
hs19   5916139   5978142 0.7008197
hs19  32978593  33064888 0.6995885
hs20   3227417   3239190 0.6983471
hs17  44248385  44268141 0.6983471
hs2 161424332 161985282 0.6983471
hs12  51391317  51515763 0.6983471
hs2  74216242  74343414 0.6954733
hs4  71187286  71572087 0.6954733
hs7 151057210 151076527 0.6954733
hs17  30477362  30527592 0.6954733
hs5 140360202 140375143 0.6954733
hs16   1333601   1349438 0.6949153
hsX 103675496 103688158 0.6929461
hs15  69298947  69407780 0.6923077
hs6  52361421  52407777 0.6923077
hs12  68686734  68745809 0.6903766
hs16  54283304  54286763 0.6900826
hs1 109062486 109076002 0.6900826
hs3  25718944  25790039 0.6900826
hs2  44941898  44946077 0.6900826
hs11  78100936  78139660 0.6887967
hs6 138161921 138344663 0.6887967
hs19  19561707  19618916 0.6885246
hs14  58298385  58373887 0.6883117
hs6 156777929 157210779 0.6883117
hs1  25617468  25786207 0.6880000
hs3   5187646   5219957 0.6880000
hs1 155610205 155614967 0.6877637
hs2  36968383  37084342 0.6875000
hs5  69364743  69370013 0.6872428
hs16  55323760  55330760 0.6872428
hs3  27372721  27484420 0.6869919
hs20  19886521  20002457 0.6859504
hsX  78129748  78139706 0.6859504
hs6  83552880  83709691 0.6857143
hs13 113455819 113490952 0.6854839
hs2 230712845 230821075 0.6854839
hs20  35115357  35147364 0.6852590
hs11  85957684  86069882 0.6844262
hs4   7965310   8158832 0.6844262
hs5   3596054   3601403 0.6844262
hs1 156243321 156248117 0.6844262
hs1  31790422  31816051 0.6839827
hs1  26696033  26782104 0.6828194
hs17   9250471   9576591 0.6825397
hs9  35696948  35732395 0.6822034
hs1 161225939 161230744 0.6820084
hsX  80929500  80930347 0.6820084
hs14  60709528  60724348 0.6818182
hsX  89921882  89922883 0.6816327
hs11 125164687 125433389 0.6816327
hs21  42974510  43033931 0.6816327
hs10 121957088 121975217 0.6816327
hsY   3579245   3579802 0.6816327
hs18   3411608   3459978 0.6816327
hs20  36573488  36593950 0.6816327
hs3 182938074 182985953 0.6814516
hs5 110738136 110765161 0.6814159
hs15  62390526  62844631 0.6808511
hs15  43794162  43800221 0.6804979
hs22  28794555  28800597 0.6801619
hs11 103062076 103092215 0.6801619
hs13  49308650  49444126 0.6800000
hs7  28299321  28825894 0.6790123
hs10 119651370 119677819 0.6787149
hs13  45464898  45536630 0.6787149
hs2 219627327 219641980 0.6787149
hs19  43543040  43580473 0.6785714
hs9 129665641 129722674 0.6776860
hs5 177992235 177996242 0.6776860
hs3 158095954 158106503 0.6776860
hs8  73939169  73972287 0.6774194
hs6 122443354 122471822 0.6772908
hs9 123379654 123930152 0.6772727
hs9  19230435  19373545 0.6772727
hs10  61901300  62096944 0.6767241
hs17  17810399  17837002 0.6767241
hs17  81976807  82017406 0.6765957
hs10  49364181  49396016 0.6763485
hs8  42391624  42405897 0.6763485
hs4 183099293 183320777 0.6761134
hs4 183099293 183320777 0.6761134
hs13  39655627  39791665 0.6760000
hs2 241702035 241729478 0.6758893
hs17  28905250  28951771 0.6758893
hs3  69019827  69052303 0.6756757
hs6  35118071  35148610 0.6754386
hs22  41833079  41907308 0.6753247
hs12  34022281  34029694 0.6752137
hs4 110617423 110642123 0.6750000
hs2 219209772 219229717 0.6748971
hs16  31471585  31477960 0.6747967
hs14  60643415  60658259 0.6746988
hs6  43171299  43181507 0.6746988
hs11 111786286 111879425 0.6746032
hs20  44475886  44494603 0.6745098
hs7 158730995 158830253 0.6745098
hs1 153929501 153946696 0.6742081
hs15  66336206  66386746 0.6740088
hs5  36098412  36151961 0.6739130
hs5 160251652 160345396 0.6738197
hs20  37983007  38033468 0.6738197
hs6   5102593   5260950 0.6737288
hs1  40072705  40097703 0.6737288
hs1 170662728 170739419 0.6735537
hs3  57197843  57226521 0.6735537
hs6 129576132 129710225 0.6734694
hs19  47403124  47419523 0.6733871
hs22  49900229  49918458 0.6733068
hs5 179678628 179730925 0.6733068
hs13  95801580  96053482 0.6732283
hs4 185204237 185370185 0.6722689
hs5 135027735 135034813 0.6721992
hs10 102230186 102241474 0.6721992
hs1  28589323  28643085 0.6720648
hs17  42773436  42779599 0.6720648
hs17  42810134  42833350 0.6720000
hs4 128061268 128222931 0.6719368
hs7 120950749 120977216 0.6719368
hs11   8693351   8910951 0.6711712
hs17  42567068  42573239 0.6708861
hs8  76980258  77001044 0.6708333
hsX  40648306  40735858 0.6707819
hs10  31805404  31928876 0.6707317
hs15  70829130  70854159 0.6705882
hs14  34561094  34630183 0.6694915
hs5   6371881   6378594 0.6694561
hsX    624344    659411 0.6694215
hs10  75210154  75231448 0.6694215
hs11  86302211  86345931 0.6694215
hs1  27891524  27914746 0.6693878
hs2 112055223 112119318 0.6693878
hs15  76336724  76342476 0.6693878
hs20  45416077  45426244 0.6693878
hs9  85941146  86022298 0.6693548
hs14  89954939  90044768 0.6693548
hs1 180230286 180278982 0.6693548
hs3  42547969  42601080 0.6693227
hs16  15060022  15094317 0.6693227
hs8  63048553  63086053 0.6692607
hs1 111187174 111204535 0.6681614
hs19   6467207   6482557 0.6681614
hs17   7235028   7239722 0.6680498
hs22  23786963  23834516 0.6680498
hs2 143091362 143768352 0.6680162
hs16  71845996  71931199 0.6680000
hs19  12938578  12944489 0.6679842
hs2 128091200 128195677 0.6679842
hs21  36034541  36079389 0.6679688
hs12  78863993  79452008 0.6679688
hs9  93576407  93679587 0.6679688
hs1 201829141 201884294 0.6679688
hs14  63371357  63543374 0.6666667
hs1  62454728  62688368 0.6666667
hs12  67269281  67319951 0.6666667
hs20  21395367  21398028 0.6666667
hs14  99397746  99480879 0.6666667
hs1  40161373  40240921 0.6666667
hsX 120072264 120077705 0.6666667
hs12 132144448 132152473 0.6666667
hs4   2937933   2963385 0.6666667
hs9 136196250 136205109 0.6666667
hs20  35542021  35557634 0.6666667
hs1  10472288  10630758 0.6666667
hs11 123525636 123627774 0.6653696
hs19  55171199  55180441 0.6653696
hs12 132687606 132704991 0.6653543
hs11  83156988  83187451 0.6653543
hs6 157700387 157945077 0.6653543
hs19  18193182  18196948 0.6653543
hs9 108867517 108934116 0.6653386
hs17  35574795  35578863 0.6653386
hs20  25407727  25452628 0.6653386
hs16  24919385  25015666 0.6653226
hs1 197911902 197935478 0.6653226
hs17  38800434  38825481 0.6653061
hs11 128965060 129279324 0.6653061
hs4  41744082  41748970 0.6652893
hs12  85280107  85301784 0.6652893
hs17  82018702  82024107 0.4845361
hs15  59638062  59657541 0.7100840
hs3  50354749  50359610 0.7088608
hs1 150363091 150476566 0.7066667
hs5  36248434  36302114 0.7024793
hs9  34621379  34628107 0.7021277
hs1 222712553 222735196 0.7016807
hs2  96536743  96552638 0.7008929
hs1  25861210  25871253 0.7008197
hs19  10304803  10309880 0.6995885
hs12  53507856  53626410 0.6987448
hs3 142949164 142963682 0.6987448
hs8  30578318  30658251 0.6986900
hs4  78887127  78939438 0.6963563
hs2 175072250 175168382 0.6962025
hs9 125747345 125967377 0.6954733
hs1 224356850 224379459 0.6932773
hs3 128479427 128493185 0.6926230
hs16   2969245   2973489 0.6923077
hs3  52228610  52239260 0.6913580
hs4  39822863  39977956 0.6910569
hs9 137086927 137109187 0.6907631
hs19    925781    975934 0.6906780
hs10    806914    931705 0.6906780
hs15  78810487  78898133 0.6900826
hs14  31291791  31420582 0.6890756
hs1 164555584 164899296 0.6885246
hs15  74541177  74598131 0.6877637
hs11  18322295  18367044 0.6875000
hs14  54423560  54441431 0.6872428
hs10   8053604   8075198 0.6869919
hs6  32184741  32190186 0.6869919
hs22  37608475  37633564 0.6869919
hs3  14112077  14124870 0.6864407
hs11  65833641  65856896 0.6864407
hs1  63367590  63438562 0.6859504
hs5   1877413   1887236 0.6859504
hs1 168178933 168202114 0.6857143
hs4 120055608 120067074 0.6854839
hs19  19145567  19192158 0.6854839
hsX  11758159  11775753 0.6848739
hs10 114431113 114685003 0.6844262
hs12 104303739 104305202 0.6844262
hs16  15395754  15413268 0.6842105
hs19  19515736  19529054 0.6839827
hs8  23678693  23682927 0.6839827
hs19  45764785  45769226 0.6839827
hs5   2745845   2751662 0.6831276
hs5  88718158  88904105 0.6827309
hs6 119177209 119349761 0.6825397
hs2 176188579 176190907 0.6824034
hs17  54899387  54961956 0.6818182
hs3  11790442  11846919 0.6816327
hs12  50392383  50480004 0.6816327
hs4  51843000  51916837 0.6814516
hs19  16479057  16496192 0.6814516
hs20    407498    430966 0.6804979
hs10  27672875  27746060 0.6803279
hs7 128954180 129055144 0.6801619
hs16  23463542  23521995 0.6801619
hs16  20854925  20900384 0.6801619
hs19  19145568  19170289 0.6800000
hs5  80111651  80256079 0.6800000
hs18  50282343  50288304 0.6800000
hs1  31409565  31434680 0.6800000
hs1 117367449 117528872 0.6798419
hsX  53936676  54048958 0.6798419
hs2 207529737 207603431 0.6794872
hs5  77628712  77639688 0.6791667
hs7  17790761  17940501 0.6790123
hs10  35126791  35212958 0.6790123
hs15  40439721  40468242 0.6788991
hs8  13083361  13515658 0.6788618
hs11  65040901  65044828 0.6788618
hs16  54930862  54934485 0.6788618
hs13  45120515  45284909 0.6788618
hs20  21511010  21514026 0.6787330
hs15  65658046  65792293 0.6787330
hs15  99565417  99716466 0.6787149
hsX  48786554  48794311 0.6776860
hs14  57200507  57269008 0.6776860
hs17  44034635  44067619 0.6775701
hs3  41194837  41260096 0.6775510
hs2  66433452  66573869 0.6774194
hs20  44496221  44522109 0.6772908
hs1 197504748 197775696 0.6772727
hs11  65027408  65040572 0.6767241
hs13  32031300  32299122 0.6765957
hs17  48528526  48530997 0.6765957
hs2  48617798  48733148 0.6764706
hs1  46506996  46514226 0.6763485
hs2 197515571 197553699 0.6760000
hs2 197515571 197553699 0.6760000
hs9  35732320  35737007 0.6759259
hs11   9138825   9265390 0.6756757
hs12  38316578  38329728 0.6752137
hs4  83034447  83075818 0.6751055
hs2 176108790 176119942 0.6751055
hs19  55349306  55354814 0.6751055
hs14  60508951  60512850 0.6750000
hs7 155458129 155464831 0.6750000
hs22  42509968  42519802 0.6750000
hs7 151012209 151024499 0.6748971
hs3 172750682 172821474 0.6747967
hs15  54012904  54633414 0.6746032
hsX 119236245 119244466 0.6746032
hs9 122144058 122159819 0.6738197
hs17  75516060  75524739 0.6737288
hs12  51047962  51060424 0.6737288
hs9 111360692 111484745 0.6735537
hs20  23350736  23354777 0.6734694
hs2 218217094 218254356 0.6734694
hs15  36889204  37101299 0.6733871
hs22  26491225  26512505 0.6733068
hs4 140388455 140427968 0.6733068
hs1  11674480  11691650 0.6732283
hs19  16829400  16880353 0.6732283
hs4  48497361  48780322 0.6723404
hs1 234373456 234384049 0.6722689
hs12 110434825 110450422 0.6721311
hs16  67163385  67169945 0.6720000
hs12  57693955  57721557 0.6720000
hs2  85584408  85593412 0.6719368
hs15  42067009  42094554 0.6719368
hs3 123201927 123274130 0.6719368
hs7 102573807 102616757 0.6718750
hs7 102482445 102517781 0.6718750
hs1 114582848 114670422 0.6711712
hs14  36580579  36582607 0.6710526
hs9 113150942 113164137 0.6709957
hs10 133237404 133241929 0.6709957
hs3 138187248 138298389 0.6709402
hs5 171309284 171312134 0.6709402
hs11  59636716  59668980 0.6709402
hs11 122977570 122981720 0.6709402
hs12  54009106  54012362 0.6708861
hs2  53787044  53818819 0.6708861
hs12  76858715  76879060 0.6708333
hs5  43526267  43557758 0.6708333
hs14  81175452  81221377 0.6708333
hs20  62463497  62475970 0.6707819
hsX 120109053 120115937 0.6707819
hs19  35648223  35658861 0.6707819
hs2  43637273  43767987 0.6707317
hs5 149141483 149260542 0.6707317
hs17  75236599  75262363 0.6706827
hs17  48103357  48123074 0.6706349
hs8 142212080 142403240 0.6705882
hs6  42050513  42087461 0.6695279
hs17  48548870  48604912 0.6694915
hs5 174724533 174730893 0.6694915
hs2  97646040  97648383 0.6694561
hs13  27962137  27971139 0.6694561
hs13  27792643  27794768 0.6694561
hs7  15611212  15686812 0.6694561
hs17  49990005  49995224 0.6694561
hs19  47819779  47843330 0.6694215
hs5  32531633  32604079 0.6694215
hs14  94768216  94770230 0.6694215
hs17  43640388  43661954 0.6694215
hs8 144355431 144359376 0.6693878
hs9  99222064  99230615 0.6693548
hs8 144291591 144314722 0.6693227
hs6 122399546 122433119 0.6693227
hs2  45005161  45009430 0.6693227
hs1 156463727 156500828 0.6692913
hs4 183504994 183511096 0.6692913
hs5 154712902 154817607 0.6692913
hs12  29337352  29381189 0.6692607
hs4 128269237 128288829 0.6692607
hs7  97005548  97011039 0.6681034
hs12  54016931  54056030 0.6680672
hs22  19148576  19150283 0.6680672
hs2  72916260  72936071 0.6680498
hs12 111034024 111350554 0.6680328
hs17  75827225  75844717 0.6680162
hs16  75596981  75623300 0.6680162
hs22  41621119  41664048 0.6680000
hs9  20999515  21031636 0.6680000
hs1  37996770  38005606 0.6680000
hs13  32586427  32778019 0.6679842
hs11   7238778   7469042 0.6679688
hs17  41754604  41786931 0.6666667
hs5  51383391  51394738 0.6666667
hs15  41981582  42051190 0.6666667
hs2  98599310  98608515 0.6666667
hs4  25377213  25418498 0.6666667
hs6  53051991  53100873 0.6666667
hs5 151276762 151303766 0.6666667
hs9  35161992  35405338 0.6666667
hs12  31382223  31591097 0.6666667
hs10  99532933  99536524 0.6666667
hs2 176099730 176101193 0.6666667
hs19  55262231  55280381 0.6666667
hs2  74513463  74517147 0.6666667
hs3  71675416  71754773 0.6653696
hsX 120250752 120258398 0.6653696
hs1 114089291 114153919 0.6653696
hs11  95025258  95027596 0.6653696
hsX  70234655  70240627 0.6653696
hs6  15246296  15522040 0.6653696
hs6  63635820  63779336 0.6653696
hs7  26291895  26374329 0.6653543
hsX 153907367 153934999 0.6653386
hs11 112084800 112086798 0.6653386
hs17  58420167  58488384 0.6653226
hs3   9792495   9807726 0.6653226
hs9 122202577 122229626 0.6653226
hsX  11137543  11665701 0.6653226
hs11  73872667  73876988 0.5257732
hs20 59025467 59032382 1
