hs12  49707725  49764934 0.5596330
hs10 104235356 104267459 0.6115214
hs1  11066618  11099881 0.6357243
hs8   6708357   6759666 0.5926471
hs19   2785460   2815807 0.6550765
hs2 102619707 102711318 0.6093535
hs20  13849247  13996443 0.6151645
hs12 102120185 102197520 0.2745098
hs17  47941506  47948288 0.6324549
hs19    589893    617159 0.6096866
hs22  23957414  23961186 0.6006098
hs22  23957414  23961186 0.6006098
hs22  23957414  23961186 0.6006098
hs22  23957414  23961186 0.6006098
hs22  23957414  23961186 0.6015267
hs22  23957414  23961186 0.6015267
hs22  23957414  23961186 0.6015267
hs22  23957414  23961186 0.6015267
hs8  63015079  63039171 0.3589365
hs21  33903453  33915980 0.6960908
hs2 201644870 201698694 0.6890173
hs7  24573268  24694193 0.6886574
hs14  67241109  67335819 0.6858458
hs12 123232916 123257959 0.6823394
hs13  41216369  41263577 0.6822323
hs6 152987362 153002685 0.6819222
hs3  25782917  25794534 0.6818182
hs17  45023340  45061109 0.6809249
hs1  39841022  39883511 0.6801386
hs20   5126786   5197887 0.6798144
hs11 126202094 126211692 0.6788155
hs3  48599002  48610976 0.6733967
hs12  66135846  66170072 0.6723404
hs6 107152557 107459564 0.6715507
hs11   6680782   6683401 0.6708861
hs7 103297422 103329511 0.6698002
hs19   5784832   5791238 0.6662844
hs20   6006090   6040053 0.6662621
hs16  67987746  68079320 0.6647597
hsX  41514934  41923463 0.6644444
hs1  45012147  45015575 0.6641791
hs9  86264546  86282538 0.6641604
hs1   9234775   9271337 0.6632124
hs19  29205321  29213541 0.6620879
hs17  82057506  82065887 0.6613636
hs11  72292425  72434680 0.6604396
hs10 103245887 103248016 0.6595023
hs11  34915829  35020591 0.6591449
hs19  40691529  40718207 0.6588957
hs3  48625723  48635493 0.6579974
hs2 108719481 108785811 0.6578035
hs1 120889746 120890405 0.6570439
hs5  65722196  65871725 0.6560333
hs14  77800083  77935012 0.6557178
hs1 226897536 226987545 0.6556777
hs1 145241630 145242124 0.6555300
hs6  36854827  36875024 0.6551326
hs7  44796680  44824564 0.6551326
hs7  44796680  44824564 0.6551326
hs7  44796680  44824564 0.6551326
hs7  44796680  44824564 0.6551326
hs7  44796680  44824564 0.6535342
hs7  44796680  44824564 0.6535342
hs7  44796680  44824564 0.6535342
hs7  44796680  44824564 0.6535342
hs4   7058906   7068197 0.6547486
hs1 144372875 144373659 0.6543779
hs1 144372875 144373659 0.6543779
hs1 144372875 144373659 0.6543779
hs1 144372875 144373659 0.6543779
hs1 144372875 144373659 0.6528258
hs1 144372875 144373659 0.6528258
hs1 144372875 144373659 0.6528258
hs1 144372875 144373659 0.6528258
hs1 148479824 148483679 0.6543779
hs7 140673153 140696261 0.6542751
hs1 146344006 146344790 0.6539792
hs5 123023250 123036741 0.6536249
hs6 149504733 149546038 0.6533181
hs15  64155812  64163205 0.6532258
hs12   6867119   6870948 0.6531284
hs2 169584340 169641406 0.6524249
hs5    218241    256700 0.6522222
hs2 210002565 210022259 0.6513966
hs3  10248023  10281218 0.6513661
hs3  65353525  66038834 0.6512195
hs17  81703357  81707526 0.6509901
hs6  99369400  99394204 0.6501687
hs13  47936487  48001326 0.6498829
hs20  63558086  63574239 0.6497175
hs8 143603913 143609773 0.6496018
hs10  95605929  95656706 0.6495828
hs2  45388680  45612165 0.6494725
hs3  67360460  67654614 0.6491228
hs4 158709134 158723396 0.6488027
hs10  49734643  49762379 0.6487549
hs11    747329    765024 0.6485507
hsX   1403139   1453762 0.6480186
hs3  58427630  58433857 0.6476400
hs8 124488485 124539458 0.6475054
hs1  17018722  17054170 0.6474736
hs1 241532134 241595642 0.6473755
hs17  81932384  81942412 0.6469921
hs3  53224707  53256052 0.6468683
hs19  17334920  17342735 0.6467991
hs14  77505997  77616773 0.6466346
hs4  95840019  95841474 0.6464286
hs5 113513683 113595285 0.6461126
hs9 110243811 110256640 0.6460369
hs18  68673688  68715298 0.6457205
hsX  19343893  19361705 0.6454229
hs8 144078626 144080647 0.6453362
hs2 200870907 200889303 0.6451613
hsX 154295671 154330350 0.6451613
hs12  55820960  55830824 0.6450917
hs18   9885726   9889275 0.6445652
hs17  40388516  40417950 0.6443243
hs16   4425805   4456775 0.6441586
hs16  72093562  72112912 0.6441379
hs9  91213815  91361913 0.6438026
hs1  47333797  47378839 0.6435644
hs4  99896248  99946726 0.6434690
hs9 111631386 111670229 0.6433942
hs21  36069941  36073166 0.6433942
hs6 159669057 159762529 0.6432749
hs10 102918293 103090221 0.6432616
hs1  10398592  10420144 0.6430318
hs4 163471093 163473746 0.6427039
hs10  72332830  72355230 0.6427039
hs16    283152    287215 0.6426265
hs10  11742366  11764070 0.6425121
hs7 107660635 107717809 0.6424802
hs3  25597905  25664907 0.6424702
hs7  73680969  73683453 0.6423201
hs1  52895910  52927212 0.6422569
hs3 186567403 186597203 0.6420150
hs8 102826357 102893864 0.6418764
hs8  66021560  66100526 0.6416309
hs2 189784085 189877629 0.6413551
hs9 111631352 111654351 0.6413276
hs10  12068972  12123225 0.6412903
hs15  40765155  40807477 0.6412460
hs14  23953586  23969279 0.6411638
hs2 177392644 177543836 0.6410862
hs10  21756537  22003769 0.6409432
hs20  13008979  13169103 0.6408115
hs12  57619527  57626151 0.6406869
hs21  14371115  14383484 0.6406417
hs12  55720367  55724705 0.6402570
hs7  73736094  73738867 0.6401869
hs5 103548855 103562793 0.6400477
hs12  56951431  56959374 0.6400426
hs12 125065379 125143333 0.6400000
hs2  18554723  18560680 0.6399573
hs1   6634168   6701924 0.6399573
hs10 112374018 112428380 0.6399108
hs12  49346917  49357546 0.6398714
hs16    726936    735525 0.6398210
hs12  80936414  81261205 0.6397790
hs5 138115172 138139443 0.6396896
hs15  78264086  78282196 0.6387996
hs2 172555373 172608669 0.6387879
hs17  51153590  51171744 0.6387665
hs17  51153590  51171744 0.6387665
hs17  51153590  51171744 0.6387665
hs17  51153590  51171744 0.6387665
hs17  51153590  51171744 0.6399561
hs17  51153590  51171744 0.6399561
hs17  51153590  51171744 0.6399561
hs17  51153590  51171744 0.6399561
hs2 241734579 241768816 0.6385965
hs21  36134912  36146566 0.6385027
hs16  78099413  79212667 0.6384365
hs20  63895182  63936031 0.6381156
hs3 197509783 197573323 0.6379127
hs19   6135247   6193094 0.6376812
hs12  56752161  56787790 0.6375267
hs18  56597208  56651600 0.6374860
hs16  20409534  20441336 0.6373626
hs16  20610243  20797581 0.6373626
hs17  41976433  42021376 0.6372340
hs20  34872146  34927962 0.6370699
hs6  30653119  30673037 0.6369771
hs7  44565417  44575051 0.6369495
hs9  35812960  35815354 0.6368534
hs6   7881517   7910814 0.6368477
hs17  50426158  50474845 0.6365639
hs7   5973239   6009125 0.6363636
hs7 149003062 149028641 0.6363636
hs16  84122146  84145192 0.6362661
hs17  42561467  42566277 0.6362649
hs6  80106647  80346270 0.6362637
hs2  84423523  84460045 0.6361582
hs3  48517684  48562015 0.6361416
hs17  47522942  47623276 0.6361355
hs17  47522942  47623276 0.6361355
hs17  47522942  47623276 0.6361355
hs12 120503274 120534434 0.6360656
hs19  41397460  41431345 0.6360382
hs13  95677139  95794989 0.6358811
hs14  60144120  60169856 0.6358811
hs2 215996329 216082955 0.6358811
hs14  51240162  51257546 0.6358754
hs10  67796665  67838166 0.6357759
hs12 103930107 103953645 0.6356688
hs1 150293720 150308979 0.3368421
hs3 155821024 155854429 0.5688889
hs16  30192934  30194306 0.6124260
hs16  30192934  30194306 0.6124260
hs16  30192934  30194306 0.6124260
hs16  30192934  30194306 0.6124260
hs16  30192934  30194306 0.6124260
hs16  30192934  30194306 0.6124260
hs16  30192934  30194306 0.6124260
hs16  30192934  30194306 0.6124260
hs19  55452985  55462343 0.4463519
hs11   1947278   1984522 0.4764890
hs2  27771717  27988087 0.5568685
hs5 141923808 141942047 0.6011645
hs2 197453423 197475308 0.6055470
hs22  50200979  50217616 0.5544267
hs12  56266858  56270966 0.6030769
hs20  13784950  13821582 0.5714286
hs12  53500921  53506431 0.4147399
hs16  55508998  55586670 0.5667145
hs17  48892765  48895871 0.4777448
hs12  53632726  53677408 0.4611940
hs2 175176258 175184607 0.4651852
hs1  27098815  27166981 0.6166667
hs5    473310    524332 0.5901408
hs22  17178790  17221989 0.5739130
hs5   1456480   1523977 0.6139860
hs4 185363879 185395899 0.5073746
hs9 137306896 137423262 0.5402299
hs3 184346185 184361651 0.5825243
hs4  92304399  93774556 0.3746269
hs11 114439386 114450279 0.5361272
hs4  42893267  43030658 0.5338346
hs7 143316126 143352083 0.6077886
hs17   6684713   6713567 0.5126404
hs8 144095027 144097525 0.5762712
hs12 117141988 117190531 0.4560606
hs5  45259247  45696151 0.6005747
hs2 232456123 232460032 0.4434783
hs10  99396870  99430624 0.5925373
hs8 143990058 143993415 0.5712188
hs10 104268873 104304945 0.6051437
hs15  43330674  43354555 0.5205882
hs7   2234231   2242198 0.6198910
hs11  62559601  62574086 0.6338880
hs10 116671192 116742574 0.5330520
hs2 232406843 232410714 0.4397678
hs4  25747427  25863760 0.5628743
hs9  68232003  68300015 0.5544267
hs9  68232003  68300015 0.5544267
hs9  68232003  68300015 0.5544267
hs9  68232003  68300015 0.5544267
hs9  68232003  68300015 0.5544267
hs5  95751319  95823005 0.6543716
hs19  41998321  42069498 0.3790560
hs20  44619522  44652233 0.5916306
hs22  43955421  44010531 0.6771879
hs1 193096468 193106114 0.6629834
hs6  38675925  38703141 0.6237898
hs1 149887890 149900798 0.6444122
hs3  98521132  98593723 0.6298422
hs14  95533503  95544724 0.6647564
hs6 159789812 159798436 0.4193084
hs19  10310045  10316015 0.6170520
hs14  73949926  73963670 0.6507042
hs2 232378534 232382889 0.4389535
hs13  23730189  23889419 0.6537931
hs17  44004546  44009063 0.3946588
hs11 110429883 110464881 0.6000000
hs1 228165815 228182257 0.6257143
hs4  73056080  73069755 0.5746479
hs6 108294894 108526796 0.6324405
hs1  21509372  21578412 0.4399421
hs17  28394756  28407197 0.4131737
hs10   7788129   7807815 0.7147971
hs10  28050993  28334486 0.6882217
hsX 154778684 154821007 0.6877880
hs17  43875357  43909711 0.6864111
hs2 174072447 174248698 0.6857143
hs12  50103819  50111319 0.6850117
hs16  23581002  23596356 0.6843345
hs3   3126916   3150879 0.6840278
hs7 134127299 134264591 0.6833527
hs17  43800799  43833170 0.6832947
hs3  32105689  32168713 0.6830409
hs16    784974    788397 0.6818700
hs1 228139962 228148984 0.6815578
hs6  32168212  32178096 0.6808511
hs17   7189890   7219702 0.6806527
hs4  84582979  84651338 0.6793981
hs2  85539165  85545280 0.6788991
hs11  83455012  85627922 0.6781473
hs10  80271820  80289684 0.6781214
hsX  70444861  70505490 0.6778679
hs18  57548283  57586772 0.6776650
hs8 120380761 120445402 0.6773090
hs15  40569300  40574943 0.6768362
hs8  37762593  37779767 0.6752336
hs3 197042560 197299300 0.6744457
hs8  54135210  54147901 0.6720183
hs19  35533412  35545316 0.6666667
hs19  10251901  10260045 0.6666667
hs9 127794597 127814327 0.6640361
hs13  72752169  72782096 0.6631455
hs1  51789191  51878937 0.6625616
hs2 231961245 232344350 0.6623681
hs15  66293217  66333898 0.6623681
hs17  82078338  82098332 0.6614525
hs11 112024814 112064390 0.6606930
hs5  31400497  31532196 0.6605293
hs1 113390749 113685923 0.6602871
hs2 197499994 197503457 0.6602492
hs12   6533927   6538374 0.6592428
hsX 154531391 154547572 0.6591512
hs4  39459000  39477653 0.6581197
hs17  80219699  80253500 0.6580311
hs11  31432401  31509645 0.6580247
hs17  50367857  50373214 0.6579545
hs14  22766522  22773041 0.6577896
hs7  44606572  44709066 0.6568758
hs6 143422832 143450673 0.6563574
hs14  74881891  74903745 0.6556992
hs7 107563484 107578464 0.6554054
hs8 144373101 144393242 0.6552984
hs1 100186919 100249834 0.6552133
hs2  69395750  69437628 0.6546185
hs5  64768930  65018763 0.6543779
hs10  79347469  79355337 0.6543779
hs4  83261536  83284914 0.6542751
hs1  39692182  39763914 0.6541096
hs10  73248843  73252693 0.6535797
hs22  21652270  21700015 0.6528736
hs19  34359480  34402156 0.6528736
hs2 197515571 197553699 0.6528436
hs2 197515571 197553699 0.6528436
hs22  37807905  37817176 0.6527943
hs15  65001512  65029639 0.6526082
hs11 112029858 112030367 0.6524741
hs6  73461578  73509236 0.6516052
hs5  65563236  65587549 0.6513761
hs6 109390215 109441171 0.6512702
hs4    979073    993440 0.6505236
hs2  74198562  74217565 0.6503885
hs10 103396648 103446292 0.6502732
hs3 136250306 136337896 0.6502242
hs1  33007984  33080996 0.6490281
hs9   4709559   4742043 0.6485900
hs9  92031999  92115384 0.6481928
hs3  52198086  52214327 0.6480380
hs17  43483865  43544463 0.6474429
hs2  27275421  27281499 0.6468683
hs14  24232422  24239242 0.6464758
hs6  31739948  31762834 0.6460481
hs2  26190635  26244726 0.6460072
hs6 109492856 109691217 0.6457205
hs6   4115689   4135597 0.6457074
hs9  99979179 100099040 0.6456522
hs4  74114174  74303099 0.6456257
hs3  42600614  42648741 0.6454965
hs9 132725578 132878777 0.6451965
hs10  14838164  14871741 0.6450917
hs1 225919877 225924340 0.6449360
hs9  34989641  34998900 0.6448498
hs6  16238580  16295549 0.6446645
hs2  18555545  18589564 0.6446188
hs9  33025211  33039907 0.6445396
hs12  56271699  56300392 0.6443662
hs14 104724186 104747325 0.6437908
hs2  47402969  47562311 0.6437572
hs17  41866908  41930542 0.6435868
hs14  64388031  64463457 0.6435644
hs9 127866480 127877743 0.6434690
hs11  64230278  64234286 0.6434690
hs11 119044189 119057202 0.6433942
hs3  36993332  37050918 0.6431925
hs14  64535905  64546173 0.6430868
hs11  73950319  73970366 0.6430868
hs19  14514770  14529770 0.6430868
hs22  40859549  40862126 0.6427039
hs10 133362480 133373689 0.6426859
hs15  78437431  78501456 0.6425439
hs19   1905378   1913447 0.6424385
hs1 161524540 161526910 0.6423983
hs2 219279267 219286900 0.6423983
hs15  78131498  78171949 0.6423034
hs16  75111860  75116771 0.6421053
hs11 123057489 123063230 0.6420940
hs11  31369840  31432832 0.6420150
hs5 139408588 139444491 0.6420150
hs5  34929593  34958964 0.6420150
hs7 157335381 157417439 0.6420150
hs3 128462439 128467248 0.6420150
hs2  47695530  47810101 0.6418764
hs5 149345430 149354583 0.6418242
hs5  80654648  80876460 0.6416382
hs16   1795620   1827194 0.6415094
hs9 110303521 110337884 0.6414687
hs9  32384603  32454769 0.6414474
hs10  95194200  95228928 0.6414254
hs4 127781821 127840733 0.6413276
hs12  96000828  96043520 0.6413181
hs2  10783391  10837977 0.6412460
hs1  77979175  78017964 0.6412460
hs3 123067062 123225227 0.6411638
hs7 108569568 108574850 0.6409432
hs16  20536226  20576427 0.6408840
hs10  73183362  73248862 0.6408602
hs6  31815464  31817946 0.6406417
hs6  31815464  31817946 0.6406417
hs6  31815464  31817946 0.6406417
hs6  31815464  31817946 0.6406417
hs6  31815464  31817946 0.6399573
hs6  31815464  31817946 0.6399573
hs6  31815464  31817946 0.6399573
hs6  31815464  31817946 0.6399573
hs16  46955362  46973788 0.6406417
hs2  10439968  10448504 0.6406250
hs1 244408494 244452134 0.6406080
hs1  75796882  75913238 0.6404110
hs6  31809619  31815065 0.6403415
hs2 210477682 210679107 0.6401719
hs17  14069496  14208677 0.6400491
hs17  51153536  51162428 0.6399561
hs2  96816245  96833911 0.6399083
hs16  20623237  20698890 0.6398678
hs14  75013764  75051532 0.6397661
hs6  44246166  44253888 0.6397436
hs5 133051962 133106449 0.6395722
hs5 138554882 138575444 0.6395722
hs13  31134974  31162388 0.6395722
hs10 130136399 130184521 0.6395722
hs22  41469125  41528989 0.6393443
hs22  40346500  40369367 0.6393089
hs8  91209494  91398152 0.6392157
hs9 125234853 125241330 0.6391863
hs15  43746392  43773279 0.6391863
hs17  28897781  28903071 0.6391863
hs12  57768471  57772793 0.6391360
hs16    401826    412487 0.6389776
hs14 102080738 102139699 0.6389245
hs1  15526813  15592379 0.6388889
hs2 190189735 190344193 0.6388889
hs1  33081104  33120530 0.6388571
hs1 153774354 153780157 0.6388262
hs2  96760902  96811891 0.6388262
hs4 174490177 174523154 0.6386823
hs8  90001405  90052092 0.6386823
hs16  89088375  89155846 0.6386740
hs14 103928462 104052667 0.6386207
hs1  65147549  65232145 0.6385928
hs1  65147549  65232145 0.6385928
hs19  55039108  55071291 0.6385928
hs6 150865549 151101887 0.6384615
hs7 107765467 107803225 0.6383812
hs5 119452443 119637199 0.6382979
hs1  29192873  29230942 0.6382716
hsX  53431258  53434373 0.6382070
hs1  77282051  77559969 0.6382070
hs3  48293264  48301685 0.6380638
hs6 107867756 107958189 0.6380236
hs12 109116595 109268226 0.6379310
hs1  28199456  28233025 0.6378556
hs2 169064789 169096167 0.6378205
hs17  74862497  74873031 0.6378049
hsX  55009055  55031064 0.6377491
hs10  99329099  99394330 0.6377143
hsX 109624244 109733403 0.6374723
hs5  96935394  97037515 0.6372796
hs2  74518131  74526336 0.6372414
hs16  82035004  82098534 0.6372340
hs14  67701886  67734452 0.6372340
hs22  36467036  36482030 0.6372340
hs17  37084988  37406818 0.6371398
hs14  24290598  24299833 0.6371398
hs19  43506719  43527244 0.6369565
hs14  67676801  67695814 0.6369495
hs4  87303789  87322906 0.6369427
hs1 169132531 169367967 0.6368653
hs16  20451461  20487667 0.6368653
hs14  23630115  23645639 0.6368477
hs11  43556436  43856617 0.6368477
hsX   2219516   2502805 0.6367521
hs16    396725    410367 0.6366630
hs5 131159027 131171735 0.6366559
hs19  17468769  17506168 0.6365663
hs5 131806990 132012243 0.6365663
hs5 131806990 132012243 0.6365663
hs2 215311817 215349773 0.6364666
hs12  56923154  56934405 0.6364606
hs19  38815422  38832005 0.6363636
hs19  48813017  48836678 0.6362672
hs19  10013249  10022279 0.6362672
hs4 110365733 110565285 0.6360202
hs3 154272546 154324497 0.6359890
hs12   7304284   7328724 0.6358636
hs16   1770286   1771730 0.6358636
hs4 184755595 184826818 0.6358575
hs16   3651639   3717597 0.6357868
hs3  49024325  49029408 0.6356757
hs7 103352730 103446177 0.6355263
hs11 120511759 120988904 0.3826087
hs8 144509074 144511213 0.5539143
hs5  79069717  79089466 0.4389205
hs14  77320884  77331597 0.5807927
hs9 137205670 137217009 0.6107193
hs9 136673143 136687423 0.5051395
hs1  16018875  16034050 0.5485714
hsX  48476021  48486364 0.6129032
hs5 129094751 129114028 0.4624113
hs10  93893973  93956062 0.4778255
hs17  63819433  63830012 0.6149660
hs22  31618491  31662432 0.5877061
hs10 121740421 121928801 0.5504587
hs13  46771256  46797232 0.6044881
hs19 1241746 1244826 1
