hs19  55072020  55087923 0.7263158
hs11  19350724  20121598 0.7572816
hs1 163068775 163076802 0.7760417
hs16   2047465   2088720 0.7871287
hs10 103594027 103855543 0.8203883
hs9  97674909  97697357 0.7867299
hs7  35632659  35695571 0.6382979
hs17  28364268  28365244 0.8061224
hs3 138944224 138947140 0.8400000
hs7  98291651  98401068 0.7554348
hs1 182598623 182604408 0.7936508
hs7  94907202  95296415 0.7562189
hs8  24440930  24526970 0.7614213
hs11   1223066   1262172 0.6460177
hs9  35681992  35691020 0.6367713
hs6  98834592  98839490 0.7295918
hs1 148808181 149048286 0.7401130
hs1 148808181 149048286 0.7401130
hs1 148808181 149048286 0.7401130
hs1 148808181 149048286 0.7401130
hs1 148808181 149048286 0.7401130
hs1 148808181 149048286 0.7401130
hs1 148808181 149048286 0.7401130
hs1 148808181 149048286 0.7401130
hs1 148808181 149048286 0.7401130
hs1 148808181 149048286 0.7401130
hs1 148808181 149048286 0.7471910
hs1 148808181 149048286 0.7471910
hs1 148808181 149048286 0.7471910
hs1 148808181 149048286 0.7471910
hs1 148808181 149048286 0.7471910
hs1 148808181 149048286 0.7471910
hs1 148808181 149048286 0.7471910
hs1 148808181 149048286 0.7471910
hs1 148808181 149048286 0.7471910
hs1 148808181 149048286 0.7471910
hs11    694438    727727 0.8282828
hs7  87345681  87399795 0.7636364
hs17  30248195  30292056 0.6050420
hs11  27040725  27127809 0.6782609
hsX 130202711 130268899 0.6492147
hs14  71932439  72566529 0.7643979
hsX 129779979 129795201 0.7720207
hs12   8032703   8055503 0.8484848
hs11  65916808  65919117 0.4861878
hs1 232397965 232561558 0.7960199
hs1 151340640 151347357 0.8219895
hs6  33291654  33299324 0.8203883
hs1 151510510 151538692 0.6100000
hs4  10439874  10457410 0.7743590
hs5 149993118 150001167 0.7163462
hs4 163494442 163520539 0.7219251
hs18  45983536  46072272 0.8163265
hs14  75578617  75663214 0.6666667
hs11   6211335   6234711 0.8156425
hs6  30345131  30346884 0.5255814
hs17  12665890  12768949 0.6742857
hs7  22118238  22357144 0.8243902
hs19   6737925   6751526 0.8232323
hs6  85505496  85594156 0.7900000
hs22  43411196  43507848 0.5607843
hs17  28506243  28538896 0.8571429
hs20  59936668  59940297 0.8402062
hs7  96481626  96709891 0.6830601
hs7  96481626  96709891 0.6830601
hs5   1008829   1038943 0.7471264
hs15  72241181  72272999 0.6557377
hs15  65234460  65300618 0.6502732
hs4 140257286 140385726 0.7314286
hs14  70452157  70459899 0.7812500
hs10 133160447 133226412 0.8186275
hs1  53765460  53838860 0.6648045
hs22  44668547  44737681 0.5895954
hs4 105682627 105895986 0.7022472
hs20  20389552  20712488 0.7910448
hs16  88874858  88977204 0.6212121
hs1 109750080 109764027 0.8226601
hs10  96129715  96205288 0.6852792
hs2 206443539 206621130 0.7772021
hs11 111927144 112022584 0.7800000
hs6  33410399  33416453 0.6753927
hs1 145911350 145918837 0.7297297
hs19  48047843  48110817 0.6435644
hs3 142724074 142807888 0.6489362
hs14  69398015  69462388 0.7033898
hs11  62593214  62601840 0.6782178
hs9 132891348 132944633 0.5721154
hs9 120388869 120580170 0.6774194
hsX  83508250  83509767 0.7435897
hs10 119499828 119542708 0.7914439
hs16  14071321  14266773 0.6842105
hs16  15643267  15726353 0.7916667
hs1 154155304 154194648 0.5972222
hs12 108129471 108250537 0.7487685
hs1 176463171 176845605 0.4924242
hs22  37681673  37693478 0.6767677
hs19   8509678   8514164 0.7031250
hs5 142108505 142154443 0.7925532
hs9 127224265 127393660 0.7970297
hs20  62796453  62801738 0.7967033
hs19   5993164   6199572 0.8481675
hs1  21596215  21669363 0.8000000
hs8  42896932  43030539 0.6878049
hs7  87934143  88202889 0.7772021
hs19  13961538  14007039 0.8274112
hs11  30384493  30586872 0.6470588
hs3  63864557  64003462 0.7563452
hs19  45692483  45703989 0.7703349
hs4 122152333 122362758 0.8019802
hs3 184230429 184242329 0.4318182
hs19  49340595  49362457 0.7566138
hs12 106582907 106762803 0.8393782
hs1  28369603  28500369 0.7634409
hs16  67828157  67847811 0.5303867
hs7  22812628  22822852 0.6393443
hs12  94897055  95003770 0.6755319
hs17  44846353  44850480 0.7085714
hs1 110031577 110074641 0.8477157
hs11  96389989  96507574 0.6954315
hs8 142657460 142681968 0.6464646
hs4  56647988  56681899 0.6906077
hs19  41883161  41930150 0.8325123
hs3  48673844  48686364 0.8223350
hs5 157395534 157575775 0.7281553
hs1  93448131  93554661 0.8258706
hs11  12674591  12944483 0.7434555
hs6  35473597  35497076 0.7473684
hs9 125437393 125707234 0.8351648
hs1  24319322  24364482 0.7572254
hs8  38996869  39105144 0.7177033
hs9 133361449 133376166 0.7422222
hs1 155946851 156007070 0.8208955
hs19  18153158  18178117 0.6666667
hs15  89316303  89334861 0.7168142
hsX 155490115 155669944 0.7216981
hs7  95404867  95435198 0.5483871
hs7  42932200  42948958 0.6421053
hs2 223957404 223967714 0.5860656
hs1 160190556 160201886 0.6684211
hs15  74919791  74938168 0.8817204
hs21  34073224  34143034 0.4368601
hs11  65122183  65127371 0.7149758
hs17  57085092  57121349 0.6650246
hs1   6466092   6520061 0.8316832
hs6  44809317  45377953 0.6944444
hs1 110362848 110391082 0.6431535
hs8  25841730  26045397 0.6428571
hs7 114086327 114693772 0.8076923
hs7 113876777 114075920 0.8526316
hs15  43403061  43510728 0.6595745
hs1 155050566 155062775 0.7692308
hs5  32124704  32174350 0.7850467
hs1 150646225 150697144 0.8038278
hs13  37636636  37870425 0.7142857
hsX 111774315 112082776 0.7669903
hs6  33420070  33453689 0.7647059
hs17   8413131   8490411 0.8128342
hs11  65585395  65650930 0.7843137
hs2 241356243 241494841 0.7461140
hs11  61897301  61920269 0.6298343
hs14  23295643  23302848 0.8256410
hs2  27650812  27663840 0.6363636
hs1 240775514 241357230 0.8042328
hs15  89677764  89690783 0.6312849
hs9   3218297   3526004 0.8437500
hs9 104764157 104777457 0.6696833
hs19  48720587  48740721 0.7666667
hs19  39342396  39385710 0.8697917
hs7  95359944  95396368 0.5707071
hs15  63042632  63071915 0.6666667
hs6  18128311  18155074 0.3558719
hs1 192575727 192580031 0.7379679
hs1  66533383  66748299 0.7183908
hs21  44350163  44443081 0.6256410
hsX  48676596  48691427 0.7794118
hs7   4797055   4883719 0.7500000
hs6 143536845 143831185 0.8602151
hs11    207511    215113 0.8296703
hs1 178725147 178921841 0.8203883
hs1 178094141 178484147 0.8086124
hs12 103965804 103988874 0.5198556
hs6   1312473   1314187 0.8571429
hs22  29073078  29168333 0.7164179
hs1 192809039 192812283 0.7897436
hs15  74630558  74696292 0.6313364
hs7 129433890 129488399 0.8410256
hs8 143597835 143603224 0.6528497
hs1 235109336 235128936 0.8138298
hs10  91628442  91633054 0.8586387
hs8 144473412 144476335 0.8571429
hs8  22620418  22669148 0.8549223
hs9  65282101  65285209 0.8527919
hs9  41126430  41128463 0.8484848
hs8   9136255   9151574 0.8402062
hs2  61017225  61051990 0.8333333
hs20  56412112  56460387 0.8325123
hs15  56087280  56243266 0.8324607
hs5  73626158  73941993 0.8284314
hs19  15451624  15464571 0.8275862
hs8   1823976   1958641 0.8243902
hs12   6310436   6328506 0.8235294
hs20  63528001  63537370 0.8190955
hs9 129007036 129028303 0.8167539
hs4 105552620 105708093 0.8164251
hs9 126914774 127223166 0.8164251
hs21  31118416  31559977 0.8164251
hs4 151409216 151663632 0.8156425
hs16  75228187  75268053 0.8125000
hs6 150599863 150843665 0.8125000
hs5 141639302 141651419 0.8086124
hs2   9488486   9555792 0.8064516
hs8  53851808  53959303 0.8062827
hs1  17539835  17697874 0.8058252
hs19  39412585  39428415 0.8047619
hs19  11384341  11419342 0.8009479
hs11  72836745  73142261 0.7934272
hs7  26667062  26995239 0.7897196
hs11  73308289  73369091 0.7884615
hs1 182646104 182684576 0.7872340
hs22  39901082  39973721 0.7824074
hs8 115408496 115809673 0.7813953
hs22  31753951  31907034 0.7783019
hs14  70522358  70535015 0.7772021
hs1  38838198  38859823 0.7752294
hs1 158610706 158686698 0.7752294
hs7 144355288 144380632 0.7751196
hs22  31064105  31104757 0.7750000
hs1 226223618 226227054 0.7740385
hs11 117199321 117204782 0.7733990
hs1 159918107 159925732 0.7718447
hs3  36380344  36548007 0.7716895
hs7  74773962  74789315 0.7716895
hs20   3667965   3682246 0.7692308
hs9  35490127  35561898 0.7688172
hs19  58083838  58118427 0.7681818
hs16  50548330  50640739 0.7657143
hs15  90388218  90502243 0.7647059
hs12  77830905  78213008 0.7647059
hs1 192636138 192660306 0.7647059
hs3  45555394  45686338 0.7647059
hs17   9910609  10198551 0.7647059
hs1 161039251 161045977 0.7647059
hs16     84271    138860 0.7641026
hs1 192158457 192185815 0.7641026
hsX  48903182  48911958 0.7587940
hs6   5084581   5089487 0.7582418
hs10 101845599 102056193 0.7580645
hs2  60451167  60553567 0.7578475
hs17  48133440  48430275 0.7578475
hs18  79902420  79951664 0.7574257
hs2  96705929  96740064 0.7571429
hs12   2959330   3040673 0.7566138
hs6  41683978  41736259 0.7556561
hs15  74812716  74825758 0.7548077
hs19   2164149   2232578 0.7545455
hs20  21395367  21398028 0.7522936
hs12 122834453 122862960 0.7522523
hs3  33388336  33441371 0.7514451
hs2  85133410  85310388 0.7511737
hs5  80960672  81230156 0.7511111
hs15  76993359  77037332 0.7511111
hs7  97116590  97181763 0.7500000
hs8 101492432 101669726 0.7471264
hs12  51093663  51173134 0.7471264
hsX  49028726  49043486 0.7466667
hs17  42567068  42573239 0.7466667
hs17  20009344  20319026 0.7464115
hs2 104855511 104860471 0.7464115
hs7  36854361  37449249 0.7460317
hs10 112950250 113167678 0.7454545
hs19  35268978  35279821 0.7444934
hs6  96562548  96616636 0.7444934
hs15  64151715  64157481 0.7435897
hs9  35658875  35675866 0.7412935
hs6 151364117 151391548 0.7412281
hs12  16548373  16610594 0.7410714
hs7 107579977 107629170 0.7409091
hs16  75647786  75761872 0.5363128
hs8   6406592   6643623 0.7027027
hs22  29554808  29581337 0.6834862
hs14 102777476 102911500 0.6728111
hs4  88007668  88077777 0.5936073
hs10 126012381 126388455 0.7389163
hs1 163111121 163321791 0.7237569
hs9 113444731 113597743 0.7384615
hs10  95237572  95291024 0.5702128
hs22  40410281  40636702 0.7065217
hs8 119873717 120050913 0.7101449
hs14  91060333  91225632 0.3243243
hs16    268301    275980 0.7244898
hs16  50065941  50106387 0.5786517
hs19  54461796  54463711 0.4776119
hs3 122794795 122881139 0.7107843
hs5  50665899  50846522 0.6578947
hs20  33490075  33650036 0.6078431
hs4    681829    689441 0.7014218
hs17   3811523   3846251 0.5260417
hs19  17555594  17583162 0.4603774
hs7    996986   1138260 0.7373737
hs16  23641392  23677455 0.7287234
hs19  54155161  54159882 0.5781250
hsX 103075810 103093125 0.6562500
hs19  16067021  16103005 0.5948276
hs16  71859680  71895336 0.6410256
hs15  56630181  56918571 0.6565657
hs16   3298832   3305729 0.6000000
hs20   2692878   2760108 0.6684211
hs7 141656728 141702153 0.7091837
hs17  44708608  44752264 0.7277487
hs6  82892398  83065841 0.5524862
hs1 150600851 150629612 0.7542857
hs8  28021964  28083871 0.4075829
hs1 152348735 152360006 0.6157635
hs14  89124871  89619149 0.8484848
hs16  86576368  86582160 0.8484848
hs11  68754620  68844410 0.7671233
hs1  47436017  47440691 0.8571429
hs4  67471803  67545606 0.6282723
hs20  22581005  22585455 0.8527919
hs12  15620158  15882329 0.8341709
hs17  31094927  31382116 0.8325123
hs14  54567097  54793315 0.8936170
hs11  70398404  70436584 0.8350000
hs5 176392455 176416569 0.7692308
hs1 192316992 192367285 0.7948718
hs14  65006174  65102695 0.7853107
hs3 183178043 183428778 0.7267760
hs15  58588807  58749978 0.8021390
hs8  39902275  39928444 0.6536585
hs6   1609972   1613897 0.8527919
hs21  34513142  34615142 0.7514124
hs1  59814786  59876378 0.6346154
hs5 140537340 140558310 0.5904255
hs14  24131275  24132849 0.6797753
hs15  64460742  64686068 0.6628571
hs1 179591613 179691272 0.6963351
hs5 122843439 123029354 0.7277228
hs19  37907228  38208372 0.7960199
hs12  92721505  92772455 0.7754011
hs4   8436140   8493531 0.8298969
hs11 118971707 118981291 0.8527919
hs1  51287258  51345116 0.7391304
hs3  44861869  44865670 0.4702703
hs6  46220736  46491972 0.7853107
hs7  87876216  87909541 0.7461140
hs6  83193379  83198932 0.6165803
hs9   5881596   6007901 0.6875000
hs11  65354767  65357613 0.6451613
hs2  88446787  88452656 0.8527919
hs16  67277510  67289499 0.8358209
hs2 232547968 232550592 0.7363184
hs20  31844301  31845619 0.8571429
hsX 101098218 101163681 0.5786517
hs22  22513736  22520270 0.6567164
hs11  67451301  67452729 0.5565217
hs8  24384285  24406013 0.7989130
hs17  81035122  81117432 0.7111111
hs12  21536189  21604847 0.6775510
hs18  47028202  47030078 0.6256410
hs18  47028202  47030078 0.6256410
hs18  47028202  47030078 0.6256410
hs18  47028202  47030078 0.6256410
hs18  47028202  47030078 0.6256410
hs7  32495426  32588721 0.8000000
hs22  23688136  23699176 0.8284314
hs17  44759031  44781846 0.7812500
hs19  40319536  40348527 0.6190476
hs12  57610180  57619379 0.8450000
hs8  39106990  39284911 0.7947368
hs17  50110040  50129882 0.7539267
hs1 155320896 155331114 0.8402062
hs17   7225341   7234545 0.6850000
hs20  20368121  20370949 0.6538462
hs3  52836219  52897596 0.7087379
hs16   1978917   1984192 0.7234043
hs2 118088452 118110997 0.5392670
hs9 120855652 120894896 0.6532663
hs9  36190856  36304781 0.8021390
hs17  50373220  50381483 0.6315789
hs1   1335276   1349350 0.6855670
hs19  38867834  38878279 0.7956989
hs1  63323041  63325126 0.8442211
hs3  49940007  50100045 0.7046632
hs2 201071433 201085750 0.6424581
hs17   1420689   1463162 0.8325123
hs7  38383704  38631567 0.8316832
hs6   1389834   1395597 0.8527919
hs6  41546426  41602384 0.8571429
hs3  50347330  50351091 0.8146341
hs20  44302838  44311169 0.8138298
hs22  23765834  23768443 0.7832512
hs1 183636085 183928531 0.8203883
hs12  51281038  51324668 0.8250000
hs15  52547045  52569883 0.7840909
hs16  87406246  87492045 0.7872340
hs12 130396137 130716281 0.8078818
hs1 108560089 108644900 0.7183908
hs1  41361922  41383590 0.8484848
hs16  55802851  55833337 0.5000000
hs16  55802851  55833337 0.5000000
hs17   4583999   4608319 0.7750000
hs12 109277979 109309220 0.8622449
hs18  74073353  74147865 0.6887755
hs7  23181827  23201011 0.6562500
hs5 150708440 150759109 0.7609756
hs9  65736555  65738784 0.8527919
hs19  12763003  12872740 0.5980392
hs8  70573442  70608387 0.8076923
hs11 120336914 120489936 0.7578475
hs7 155297776 155310235 0.5263158
hs19  48900050  48923372 0.6927374
hs14  23117304  23119616 0.6971429
hs1  86704570  86748184 0.8376963
hs11  65576038  65592650 0.7857143
hs1 119893533 119896495 0.7653061
hs22  24270817  24417740 0.7524272
hs1  45687214  45694443 0.4341463
hs17  19904302  19978343 0.7613636
hs3   9779860   9793011 0.7210526
hs7  75533300  75738962 0.7685185
hs22  50568861  50578465 0.7636364
hsX  71096197  71103535 0.8527919
hs3 184155388 184173610 0.7463415
hs7  94656325  94669695 0.3977901
hs14  37589984  37596059 0.8527919
hs10 133262403 133276868 0.7653061
hs1  53196429  53214197 0.7671233
hs7  56101569  56106576 0.8030303
hs19   7380964   7472477 0.8284314
hs9  34634722  34637809 0.6731707
hs14  58395916  58408701 0.7729730
hs19  32691961  32713796 0.4606299
hs2  86143932  86195770 0.7927461
hs20  35699272  35700984 0.7487179
hs5 132866560 132868031 0.7078652
hs7 143244093 143270854 0.4565217
hs2  96021946  96039451 0.5560748
hs16  31427731  31428428 0.8061224
hs9 129094810 129111189 0.7636364
hs10  49609095  49665104 0.7466667
hs11  62792123  62806302 0.7070707
hs17  75038863  75046985 0.7388889
hs3  52833121  52897562 0.7135922
hs7  27830573  28180743 0.8267327
hsX 151396515 151409364 0.6875000
hsX 119615724 119693370 0.7824074
hs6 153004459 153131249 0.8201058
hs1 183929854 184037729 0.4476534
hs2   9951693  10002277 0.7471264
hs4 174829668 174978180 0.6580087
hs8  18391245  18401218 0.3726937
hs12 100573683 100628286 0.7121212
hs2  37344574  37373322 0.5927273
hs12 122078722 122147347 0.6984127
hs8  24294040  24359018 0.7614213
hs5 170105897 170109725 0.8527919
hs4  23755041  23904089 0.6435644
hs2 127048027 127107355 0.8316832
hs14  71320449  71741229 0.7881773
hs8  39743735  39838289 0.8064516
hs10  43194535  43266919 0.8284314
hs22  29306582  29312785 0.6974359
hs14  35538352  35809304 0.7920792
hs19  10391134  10420121 0.8308458
hs9 104747688 104760122 0.6607143
hs9  97853254  97856715 0.8275862
hs6 154159828 154510659 0.5708155
hs6 154159828 154510659 0.5708155
hs20  64073181  64079988 0.7947368
hs9 121567057 121785530 0.8203883
hs17   5772234   6124427 0.7427184
hs2   6840570   6866635 0.3697479
hs17  78214186  78225636 0.7875648
hs4 117083554 117085576 0.7905759
hs19  45863989  45873797 0.8571429
hs10 117277274 117375467 0.7500000
hs7 105605067 105876604 0.7462687
hs3  42757177  42804531 0.6898396
hs20  50190734  50192689 0.6927374
hs16  66720893  66751798 0.7056075
hs17  76136333  76141299 0.8571429
hs16  86567251  86569728 0.8571429
hs11   6612763   6619461 0.4834711
hs19  48968125  48993310 0.6945607
hs9  15163622  15307360 0.7451923
hs19  49928702  49933935 0.6649215
hs1 155234452 155244699 0.4482759
hs6  12716805  13290484 0.7485714
hs8  30156297  30183640 0.4723127
hs12   2857681   2877040 0.8571429
hs7  55951793  56000181 0.7095238
hs6  11183298  11382348 0.8284314
hs17   2059839   2303771 0.6250000
hs2  46293667  46386703 0.4346290
hs9 116153804 116402322 0.5280000
hs14  61695513  61748259 0.4160839
hs14  28766974  28770273 0.8442211
hsX  49250436  49264826 0.8527919
hs11 118606440 118658038 0.7175926
hs6 108559835 108684774 0.8484848
hs7  73593194  73624543 0.7967914
hs5 158695916 159099761 0.6395939
hs11   3797724   3826371 0.7839196
hs13  40555667  40666597 0.8571429
hs1 212565334 212620777 0.7611940
hs17  48830988  48866522 0.5539906
hs16  84565594  84618077 0.6864865
hs15  85380571  85749358 0.7887324
hs6   4994732   5004063 0.5444444
hs20  17941597  17968980 0.7637363
hs17  17212212  17237188 0.7000000
hs3 119498532 119525090 0.7126437
hs16  86510527  86515418 0.8527919
hsX  55623400  55625325 0.8453608
hs2 113498665 113501155 0.8571429
hs2  48314637  48379294 0.8571429
hs10 127737235 127741186 0.8571429
hs1  47416072  47418052 0.8527919
hs1  42176539  42335877 0.8527919
hs5  73444827  73448362 0.8484848
hs9  68302867  68304905 0.8484848
hs15  60004222  60061730 0.8484848
hs9    116231    118204 0.8442211
hs5    140258    189970 0.8400000
hs5  72955981  73090522 0.8393782
hs6 116877212 116932163 0.8376963
hs9  77019655  77020953 0.8358209
hsX 139581770 139708227 0.8284314
hs14  64704102  64750247 0.8226601
hs17  40177010  40195656 0.8203883
hsX  76172936  76178204 0.8195876
hs9 129887187 130043194 0.8177340
hs17  19127469  19159176 0.8164251
hsX  63634967  63809274 0.8164251
hs6 138795926 138904070 0.8164251
hs1   3454426   3481113 0.8164251
hs19  38409051  38426305 0.8164251
hs3  56727418  57079329 0.8125000
hs9 131576770 131740074 0.8125000
hs6 154832697 155257723 0.8125000
hs5 180100791 180209153 0.8125000
hs5 149551947 149634968 0.8125000
hs10   5412551   5458463 0.8125000
hs4  81426393  82044244 0.8086124
hs17   8310241   8322516 0.8067633
hs1  93149742  93180728 0.8047619
hs3 149517235 149736714 0.8047619
hs5 172325181 172454523 0.8047619
hs2 151485336 151734487 0.8028846
hsX  49175264  49186528 0.8009479
hs11  47177525  47186443 0.8009479
hs2 130836916 131047263 0.8009479
hs2 130836916 131047263 0.8009479
hs2 130836916 131047263 0.8009479
hs2 130836916 131047263 0.8009479
hs2 130836916 131047263 0.7860465
hs2 130836916 131047263 0.7860465
hs2 130836916 131047263 0.7860465
hs2 130836916 131047263 0.7860465
hs5  76403249  76708132 0.8000000
hs5  38937919  39074408 0.7980769
hs22  42835412  43015145 0.7971698
hs17   2777056   3037739 0.7950000
hs2  62673851  63046487 0.7938144
hs17  38869859  38921770 0.7934272
hs22  20917426  20953749 0.7934272
hs12  57243453  57251193 0.7934272
hs2 110122311 110205066 0.7897196
hs6  34466061  34535231 0.7860465
hs8  28348287  28490318 0.7850467
hs19  17747718  17788568 0.7815534
hs7 116210493 116258783 0.7815534
hs7  44044640  44069456 0.7788018
hs1  16197854  16212609 0.7777778
hs5 177331562 177351852 0.7772512
hs2 232878686 233013272 0.7767442
hs19  32345594  32387667 0.7752294
hs13  23979805  24307074 0.7752294
hs3 111998664 112013887 0.7751196
hs19  49690898  49713731 0.7741935
hs17  39210536  39225872 0.7716895
hs13 112894378 113099739 0.7716895
hs11 130875436 130916509 0.7714286
hs1 156525405 156572604 0.7706422
hs17  19020673  19047637 0.7681818
hs15  38488103  38565575 0.7681818
hs8  30095398  30177208 0.7677725
hs11  33858576  33892289 0.7671233
hs1 231332753 231337852 0.7660550
hs11   8224304   8268716 0.7660550
hs18  59327823  59359962 0.7652582
hs2 108534355 108687246 0.7647059
hs2 108534355 108687246 0.7647059
hs3 179322991 179338583 0.7601810
hs3 121570704 121586634 0.7592593
hs5 177456608 177474401 0.7581395
hs11 120236640 120319944 0.7570093
hs3  69739435  69968337 0.7556561
hs8 127735434 127741434 0.7549020
hs5  70968483  71025114 0.7549020
hs14  75278774  75282230 0.7546296
hs3 188153284 188890671 0.7544643
hsX  11111301  11123078 0.7544643
hs7 115935148 116159896 0.7522523
hs1 224434660 224740549 0.7522523
hs12 120438090 120440742 0.7488372
hs18  23992773  24135610 0.7487923
hs7  55793544  55862789 0.7477876
hs3 121631399 121660927 0.7477876
hs1  27934993  27959157 0.7466063
hs2  15940564  15947007 0.7464789
hs18  22169443  22202528 0.7444934
hs4 108047545 108168956 0.7443946
hs1  93079235  93139081 0.7442922
hs12  25195216  25209645 0.7434555
hs4 152769354 152779764 0.7412935
hs19  58034032  58054631 0.7412281
hs2  33436324  33564750 0.7412281
hs10  30820207  31031937 0.7412281
hs4 145757627 145938635 0.7412281
hs3   8501707   8568125 0.7400881
hs4  89112817  89114899 0.7164948
hs8  39934614  40016391 0.6473430
hs6  41042554  41044337 0.4245614
hs17   2384060   2401118 0.6368159
hsX  21374418  21654695 0.7074236
hs3  32525971  32570874 0.6800000
hs15  44665732  44711316 0.7135678
hs9 128411751 128437351 0.4290909
hs1 212858255 212899363 0.6883721
hs17  81665036  81666635 0.6041667
hs9 128275379 128288990 0.5745856
hs1 109483479 109492804 0.7371134
hs20  41178448  41317672 0.7043011
hs3 134603138 134651636 0.4755700
hs5 145471799 145835369 0.5561497
hs14  77376689  77391497 0.6739130
hs21  29004384  29019378 0.6345178
hs13 114314513 114327328 0.6153846
hs3 111674676 111846447 0.6588785
hs20  18137873  18143169 0.6413043
hs10 129835283 129963841 0.6530612
hs15  90265659  90278141 0.6684492
hs4 185500660 185535612 0.6929825
hs3 131013875 131027649 0.7000000
hs17  35744511  35752878 0.6632653
hs12  57530102  57547331 0.6145833
hs4 189940788 189963204 0.7303371
hs1 111448864 111462773 1
