hs22  22644475  22647903 0.6409608
hs2  38797729  38875934 0.6488834
hs3  48625723  48635493 0.7181045
hs5  96875939  96919716 0.7451691
hs1 241532134 241595642 0.7037500
hs1  45012147  45015575 0.7795181
hs12 103930107 103953645 0.7103365
hs19  47349281  47382704 0.6600496
hs1   9234775   9271337 0.7227603
hs6  30653119  30673037 0.6753408
hs10 104235356 104267459 0.5830116
hs4 107590276 107720452 0.6565164
hs1  11066618  11099881 0.6295369
hs8   6708357   6759666 0.5487959
hs19   2785460   2815807 0.6591760
hs5 113513683 113595285 0.6918317
hs16  67237683  67272190 0.6308642
hs2 102619707 102711318 0.6260870
hsX  46599252  46759172 0.6148148
hs10  87659613  87747705 0.6617466
hs5  55256245  55307722 0.6554726
hs12 102120185 102197520 0.2829205
hs8  25427847  25458476 0.5105590
hs12  57619527  57626151 0.6924020
hs17  47941506  47948288 0.6828645
hs21  42496008  42581440 0.4937028
hs12  59596067  59789855 0.5317559
hs17  68267026  68291267 0.4943253
hs19  49429401  49442360 0.5450000
hs11  22338097  22379503 0.5495050
hs7  73328164  73358637 0.6741294
hs22  23957414  23961186 0.5583224
hs22  23957414  23961186 0.5583224
hs22  23957414  23961186 0.5583224
hs22  23957414  23961186 0.5583224
hs22  23957414  23961186 0.5570118
hs22  23957414  23961186 0.5570118
hs22  23957414  23961186 0.5570118
hs22  23957414  23961186 0.5570118
hs5  79111779  79132290 0.6439024
hs22  24583750  24629005 0.6513076
hs22  24583750  24629005 0.6513076
hs22  24583750  24629005 0.6513076
hs22  24583750  24629005 0.6513076
hs22  24583750  24629005 0.6513076
hs22  24583750  24629005 0.6513076
hs22  24583750  24629005 0.6464020
hs22  24583750  24629005 0.6464020
hs22  24583750  24629005 0.6464020
hs22  24583750  24629005 0.6464020
hs22  24583750  24629005 0.6464020
hs22  24583750  24629005 0.6464020
hs6 107152557 107459564 0.8125000
hs11 119185457 119190223 0.4083969
hs4 146253975 146521964 0.4142857
hs12 124946825 124989122 0.6463263
hs17  75087727  75106162 0.4815287
hs10  12068972  12123225 0.7207317
hs12  66302545  66347645 0.3624842
hs14  67241109  67335819 0.8500577
hs2 201644870 201698694 0.8497110
hs13  41216369  41263577 0.8447489
hs3  25782917  25794534 0.8416764
hs6 152987362 153002685 0.8409611
hs1  39841022  39883511 0.8364055
hs12 123232916 123257959 0.8354286
hs11 126202094 126211692 0.8350398
hs17  45023340  45061109 0.8331415
hs20   5126786   5197887 0.8304498
hs11   6680782   6683401 0.8245413
hsX  41514934  41923463 0.8188889
hs3  48599002  48610976 0.8147714
hs10 103245887 103248016 0.8126411
hs7 103297422 103329511 0.8118467
hs1 175010789 175023425 0.8114086
hs11  72292425  72434680 0.8092105
hs19   5784832   5791238 0.8049887
hs2 210002565 210022259 0.8046875
hs19   6361452   6368908 0.8046512
hs12   6867119   6870948 0.8037281
hs19  17334920  17342735 0.8002208
hs3  10248023  10281218 0.7993457
hs16  67987746  68079320 0.7990971
hs17  82057506  82065887 0.7988764
hs2  45388680  45612165 0.7976744
hsX   1403139   1453762 0.7974537
hs8 124488485 124539458 0.7963164
hs17  40388516  40417950 0.7945946
hs10 122461525 122514908 0.7937220
hs4 163471093 163473746 0.7918455
hsX 154295671 154330350 0.7907725
hs5    218241    256700 0.7907489
hs15  40765155  40807477 0.7905478
hs8 144078626 144080647 0.7902703
hs12  55820960  55830824 0.7892473
hs3  53224707  53256052 0.7892473
hs12  49346917  49357546 0.7888532
hs9 111631386 111670229 0.7888532
hs18  68673688  68715298 0.7885653
hs9 111631352 111654351 0.7882353
hs4   7058906   7068197 0.7880795
hs7  73680969  73683453 0.7877814
hs16   4425805   4456775 0.7873932
hs9 110243811 110256640 0.7872570
hs3  25597905  25664907 0.7872570
hs14  23953586  23969279 0.7870968
hs8  66021560  66100526 0.7869379
hs21  36069941  36073166 0.7869379
hs1   6634168   6701924 0.7865528
hs4  99896248  99946726 0.7865528
hs10  72332830  72355230 0.7860963
hs12 120503274 120534434 0.7860262
hs21  14371115  14383484 0.7854856
hs13  95677139  95794989 0.7853348
hs2 215996329 216082955 0.7853348
hs12  55720367  55724705 0.7852564
hs21  36134912  36146566 0.7852564
hs2  18554723  18560680 0.7846482
hs16    283152    287215 0.7845659
hs10  21756537  22003769 0.7841880
hs2  75646783  75690851 0.7841307
hs4   8269765   8307111 0.7841163
hs15  78264086  78282196 0.7839572
hs20  63895182  63936031 0.7831197
hs9  76385517  76394517 0.7831184
hs6   7881517   7910814 0.7829787
hs12  56951431  56959374 0.7823779
hs22  46330875  46357340 0.7822581
hs18   9885726   9889275 0.7820928
hs12  56752161  56787790 0.7819149
hs10  67796665  67838166 0.7817204
hs1  12567910  12617731 0.7815483
hs6  33204642  33206831 0.7813163
hs7 149003062 149028641 0.7812166
hs6  80106647  80346270 0.7811816
hsX 107628424 107651026 0.7811159
hs17  36591798  36600806 0.7807203
hs20  63558086  63574239 0.7806236
hs2  72887360  72892158 0.7805405
hs3 197509783 197573323 0.7802548
hs16  84122146  84145192 0.7796791
hs4 168863770 169010275 0.7787144
hs17  81932384  81942412 0.7785235
hs19  38915266  38930896 0.7778947
hs17  41976433  42021376 0.7775424
hs12  57229327  57234935 0.7775424
hs8 143603913 143609773 0.7774049
hs4 103079435 103099883 0.7773065
hs12 104215779 104350305 0.7763713
hs11  34915829  35020591 0.7757225
hs17  18327860  18363563 0.7756614
hs14  51240162  51257546 0.7756410
hs1 235327350 235344532 0.7751856
hs11   3000922   3057613 0.7747368
hs10 102918293 103090221 0.7745536
hs4 108742040 108763054 0.7739505
hs2 182716041 182794464 0.7739222
hs17  42561467  42566277 0.7737069
hs16    726936    735525 0.7734807
hs1  37802944  37808185 0.7729673
hs13 110641412 110713603 0.7727273
hs4  56393362  56435615 0.7726316
hs5 178208497 178232791 0.7726293
hs5  34998101  35048135 0.7726293
hs8  31033801  31173769 0.7722458
hs12  80936414  81261205 0.7718341
hs6 149504733 149546038 0.7718121
hs6  73394748  73417569 0.7713987
hs9  35812960  35815354 0.7713675
hs17  36601572  36608971 0.7711387
hs3 183015218 183116075 0.7710970
hs15  90717327  90816165 0.7709438
hs1 145241630 145242124 0.7707865
hs12  21468911  21501669 0.7706806
hs16  20409534  20441336 0.7706522
hs16  20610243  20797581 0.7706522
hs2 117814650 117832379 0.7706131
hs1 120889746 120890405 0.7705287
hs2 105037983 105099960 0.7704403
hs11 126262919 126269144 0.7703549
hs5 138115172 138139443 0.7702407
hs17  50426158  50474845 0.7701525
hs1 144372875 144373659 0.7696629
hs1 144372875 144373659 0.7696629
hs1 144372875 144373659 0.7696629
hs1 144372875 144373659 0.7696629
hs1 144372875 144373659 0.7682790
hs1 144372875 144373659 0.7682790
hs1 144372875 144373659 0.7682790
hs1 144372875 144373659 0.7682790
hs1 148479824 148483679 0.7696629
hs17  76309486  76384521 0.7696335
hs2  27217390  27243943 0.7696335
hs5 180300690 180353387 0.7692308
hs1   1471769   1497848 0.7692308
hs1 109213918 109238169 0.7689906
hs4 158709134 158723396 0.7689732
hs15  45402331  45421419 0.7689119
hs5 123023250 123036741 0.7687991
hs17  80135214  80147183 0.7687500
hs5  55738017  55817157 0.7687500
hs16  68021274  68023442 0.7687434
hs6  30908242  30926459 0.7686722
hs5 134758779 134855133 0.7685864
hs6  43427366  43450430 0.7684320
hs3 155870536 155944026 0.7684211
hs16  70299224  70373383 0.7682672
hs14  34981957  35029567 0.7680251
hs15  75023555  75117462 0.7677419
hsY  12904937  12918122 0.7676130
hs12 123602077 123620941 0.7675393
hs1 146344006 146344790 0.7674157
hs8 144511288 144517845 0.7673684
hs7  44565417  44575051 0.7672689
hs19  18919675  18928627 0.7672234
hs14  45135940  45200890 0.7672234
hs20  25006230  25058980 0.7672131
hs20  49219295  49244077 0.7669801
hs12  22046174  22065674 0.5167286
hs4 105708778 105847728 0.3250975
hs16   2025356   2039026 0.3393316
hs1 150293720 150308979 0.3402868
hs7  75899200  75986855 0.6273526
hs3 155821024 155854429 0.5619296
hs16  21952660  21983660 0.6530864
hsX  15384799  15493564 0.6236162
hs4  77862520  77952790 0.5218978
hs9  86264546  86282538 0.7653430
hs19  17292609  17306843 0.5765432
hs5   1798386   1801366 0.5738706
hs10  49734643  49762379 0.7225647
hs2  27771717  27988087 0.5513654
hs5  65722196  65871725 0.6641698
hs19  29205321  29213541 0.6572482
hs2 197453423 197475308 0.5458115
hs22  50200979  50217616 0.5673575
hs1 151759643 151763564 0.6292683
hs12  56266858  56270966 0.5417755
hs20  38962299  39039723 0.6521739
hs2  10122328  10131419 0.6778846
hs17  10672474  10698375 0.6148055
hs3 111979010 111993363 0.4894147
hs12  53500921  53506431 0.4151899
hs17  28662091  28702684 0.6968215
hs4 177309836 177362943 0.7119701
hs11  34438925  34472062 0.5879397
hs22  50523568  50526439 0.6162500
hs15  75346955  75357114 0.4222798
hs2  44316281  44361862 0.5257215
hs17   5440912   5469060 0.6504975
hs1  27098815  27166981 0.6166253
hs5    473310    524332 0.5889724
hs9  94558720  94593793 0.6059480
hs5   1456480   1523977 0.6122195
hs3  16265199  16350299 0.7071689
hs17  47522942  47623276 0.7448609
hs17  47522942  47623276 0.7448609
hs17  47522942  47623276 0.7448609
hs17  47522942  47623276 0.7448609
hs17  47522942  47623276 0.7448609
hs17  47522942  47623276 0.7448609
hs17  47522942  47623276 0.7381818
hs17  47522942  47623276 0.7381818
hs17  47522942  47623276 0.7381818
hs17  47522942  47623276 0.7381818
hs17  47522942  47623276 0.7381818
hs17  47522942  47623276 0.7381818
hs2 240565804 240581372 0.7387606
hs10 125836337 125896436 0.6512500
hs19  40447789  40465840 0.5031133
hs4 185363879 185395899 0.4733503
hs17  59565525  59608345 0.6491885
hs9 137306896 137423262 0.5466156
hs16  72093562  72112912 0.6616729
hs1 201982372 202006147 0.7354369
hs12  50979401  51028566 0.5574784
hs7 107765467 107803225 0.7020757
hs11 114439386 114450279 0.5370844
hsX  24465221  24539837 0.7019465
hs2    264140    278283 0.6801471
hs22  42617840  42649568 0.7301205
hsX 154531391 154547572 0.7076167
hs3  94047836  94063389 0.6776557
hs5 115962454 116027619 0.7393939
hs14 103928462 104052667 0.6504975
hs3 154272546 154324497 0.6542289
hs5  55160118  55167071 0.6429463
hs9  83623049  83644130 0.5879459
hs2 232456123 232460032 0.4495530
hs17  16683438  16684227 0.7134220
hs2 102473303 102533972 0.6319703
hs3   3700814   4467281 0.5056890
hs8 143990058 143993415 0.5362135
hs8  11769639  11787346 0.5868188
hs4  24517441  24584550 0.6525529
hs1 182839369 182887751 0.6530359
hs3 143265222 143848531 0.6179361
hs10 104268873 104304945 0.5645372
hs6  83859643  83967424 0.7014388
hs6  28503296  28528215 0.6353383
hs3 139560180 139678017 0.5831266
hs11 125063067 125090516 0.5349127
hs6  35943514  36024868 0.6820950
hs4    979073    993440 0.7031630
hs17   7041630   7043923 0.5250627
hs7 103352730 103446177 0.6874237
hs17   7036075   7040121 0.5353160
hs12 100357079 100422059 0.5068664
hs17  80219699  80253500 0.7241798
hs19  17511629  17521288 0.6811071
hs1 202961869 202967280 0.7254197
hs10 116671192 116742574 0.5305106
hs2 232406843 232410714 0.4518614
hs15  89784889  89815401 0.7381818
hs4 110365733 110565285 0.7388150
hs7   4905989   4959213 0.3710292
hs9  33383179  33402682 0.4652339
hs9  33383179  33402682 0.4652339
hs9  33383179  33402682 0.4652339
hs1 147175351 147243050 0.6122195
hs1  58415384  58546802 0.6611465
hs12  72087266  72670757 0.7327690
hs13  43879284  43893932 0.5573366
hsX 135985439 136047264 0.6073620
hs6  28525925  28534952 0.6332916
hs5  95751319  95823005 0.6343826
hs12  57768471  57772793 0.7258454
hs1 145670852 145708148 0.4417722
hs1  52602372  52609051 0.6345432
hs19  41998321  42069498 0.3751601
hs4  88520985  88523813 0.3892446
hs22  43955421  44010531 0.6494325
hs1 193096468 193106114 0.6458333
hs9  78297143  78330093 0.7218863
hs5  96935394  97037515 0.7421308
hs12  56470944  56488414 0.5877193
hs1 149887890 149900798 0.5979899
hs3  98521132  98593723 0.6558442
hs14  95533503  95544724 0.6242197
hs14  64939152  64942905 0.6307885
hs18  57548283  57586772 0.7730583
hs6 159789812 159798436 0.4373402
hs15  79845195  79923754 0.6984318
hs19  10310045  10316015 0.6128205
hs5 154941070 154969411 0.6946108
hs18   9102630   9134345 0.6945455
hs14  73949926  73963670 0.6615970
hs2  69395750  69437628 0.6829865
hs10   7788129   7807815 0.8806683
hs19   1241746   1244826 0.6960908
hs6  30617709  30626395 0.3696742
hs11  74491712  74493733 0.7392374
hs14  22766522  22773041 0.6857491
hs11  68891276  68903835 0.5537500
hs2 232378534 232382889 0.4474359
hs12   4649095   4694317 0.5940959
hs7  55951819  55956501 0.6593407
hs7  44606572  44709066 0.7228464
hs13  23730189  23889419 0.6662516
hs17  44004546  44009063 0.3922581
hs19   1103926   1106791 0.6362500
hs11 110429883 110464881 0.5914948
hs5 151020438 151028993 0.6353383
hs5  43602692  43707405 0.6670762
hs1 228165815 228182257 0.6164557
hs4  73056080  73069755 0.5653798
hs6 108294894 108526796 0.5866496
hs1  21509372  21578412 0.4519846
hsX 154778684 154821007 0.8479263
hs10  28050993  28334486 0.8465975
hs7  24573268  24694193 0.8452656
hs1 228139962 228148984 0.8450057
hs3   3126916   3150879 0.8449074
hs2 174072447 174248698 0.8445714
hs17  43875357  43909711 0.8414352
hs17  43800799  43833170 0.8402778
hs16    784974    788397 0.8382688
hs19  10251901  10260045 0.8369942
hs2  85539165  85545280 0.8361970
hs17  50367857  50373214 0.8346728
hs15  40569300  40574943 0.8338983
hs8 120380761 120445402 0.8337130
hs10  80271820  80289684 0.8331429
hsX  70444861  70505490 0.8325635
hs17   7189890   7219702 0.8319815
hs4  84582979  84651338 0.8296893
hs8  54135210  54147901 0.8293242
hs7 134127299 134264591 0.8281430
hs16  23581002  23596356 0.8265425
hs3 197042560 197299300 0.8259861
hs2 197499994 197503457 0.8259386
hs8  37762593  37779767 0.8248260
hs5  31400497  31532196 0.8246828
hs10  73248843  73252693 0.8246225
hs17  82078338  82098332 0.8208287
hs9 127794597 127814327 0.8207441
hs12  50103819  50111319 0.8200692
hs19  35533412  35545316 0.8180804
hs3  32105689  32168713 0.8179724
hs12   6533927   6538374 0.8140312
hs11  83455012  85627922 0.8109685
hs6  32168212  32178096 0.8109049
hs1  31296982  31364953 0.8072430
hs17  63600872  63608365 0.8070175
hs6 143422832 143450673 0.8031854
hs3 136250306 136337896 0.8020134
hs9 132725578 132878777 0.7989071
hs15  65001512  65029639 0.7988950
hs10 103396648 103446292 0.7982552
hs3  58427630  58433857 0.7982456
hs1  33007984  33080996 0.7971953
hs19   1905378   1913447 0.7969662
hs17  43483865  43544463 0.7967391
hs2  18555545  18589564 0.7964206
hs2  74198562  74217565 0.7947020
hs14  64388031  64463457 0.7945055
hs2 197515571 197553699 0.7941520
hs2 197515571 197553699 0.7941520
hs4  74114174  74303099 0.7935982
hs12  32727490  32755902 0.7934783
hs4  83455932  83469735 0.7929825
hs9   4709559   4742043 0.7915767
hs6 150865549 151101887 0.7912088
hs10  14838164  14871741 0.7911733
hs2  27275421  27281499 0.7911733
hs6 109492856 109691217 0.7904968
hs2 215311817 215349773 0.7898305
hs7 107563484 107578464 0.7897664
hs14  24232422  24239242 0.7897043
hs8  38974164  38988662 0.7894144
hs11  31369840  31432832 0.7890792
hs7 157335381 157417439 0.7890792
hs22  43132206  43143394 0.7888493
hs6  31809619  31815065 0.7886873
hs11  64230278  64234286 0.7884615
hs14  64535905  64546173 0.7882353
hs9  34989641  34998900 0.7882353
hs19  14514770  14529770 0.7882353
hs10 130136399 130184521 0.7882353
hs9  33025211  33039907 0.7876201
hs16  78099413  79212667 0.7874187
hs1 161524540 161526910 0.7873932
hs3 186567403 186597203 0.7871658
hs5  34929593  34958964 0.7871658
hs9  99979179 100099040 0.7870270
hs11 119044189 119057202 0.7869379
hs11 123057489 123063230 0.7867804
hs1  77979175  78017964 0.7867095
hs9 127866480 127877743 0.7865528
hs5 138554882 138575444 0.7863248
hs11  73950319  73970366 0.7863248
hs4 127781821 127840733 0.7863248
hs7 108569568 108574850 0.7860963
hs9 125234853 125241330 0.7860963
hs17  28897781  28903071 0.7860963
hs22  40859549  40862126 0.7860963
hs16  46955362  46973788 0.7854856
hs2 219279267 219286900 0.7854856
hs6 107867756 107958189 0.7854077
hs5 139408588 139444491 0.7852564
hs3 128462439 128467248 0.7852564
hs16    401826    412487 0.7851064
hs12  56923154  56934405 0.7846482
hs4 174490177 174523154 0.7845011
hs8  90001405  90052092 0.7845011
hs5 133051962 133106449 0.7844184
hs13  31134974  31162388 0.7844184
hs1 113390749 113685923 0.7838785
hs9 110303521 110337884 0.7838710
hs12 109116595 109268226 0.7838710
hs6  16238580  16295549 0.7838428
hs6  31815464  31817946 0.7835821
hs6  31815464  31817946 0.7835821
hs6  31815464  31817946 0.7835821
hs6  31815464  31817946 0.7835821
hs6  31815464  31817946 0.7827476
hs6  31815464  31817946 0.7827476
hs6  31815464  31817946 0.7827476
hs6  31815464  31817946 0.7827476
hs1 212791828 212816626 0.7834052
hsX   2219516   2502805 0.7833511
hs16  82035004  82098534 0.7832094
hs1  65147549  65232145 0.7829787
hs1  65147549  65232145 0.7829787
hs1  65147549  65232145 0.7829787
hs1  65147549  65232145 0.7829787
hs1  65147549  65232145 0.7832094
hs1  65147549  65232145 0.7832094
hs1  65147549  65232145 0.7832094
hs1  65147549  65232145 0.7832094
hs19  55039108  55071291 0.7829787
hs1  77282051  77559969 0.7827476
hs10  73183362  73248862 0.7826552
hs4  87303789  87322906 0.7826087
hs8  73294612  73325281 0.7826087
hs2  74529377  74533348 0.7822671
hs18  63327726  63367510 0.7820106
hs19  10013249  10022279 0.7817797
hs8  56300010  56320776 0.7817797
hs17  37084988  37406818 0.7816826
hs14  24290598  24299833 0.7816826
hs14  67701886  67734452 0.7813163
hs22  36467036  36482030 0.7813163
hs14  23630115  23645639 0.7810840
hs2  10783391  10837977 0.7809829
hsX  53431258  53434373 0.7808511
hs2 169064789 169096167 0.7806177
hs4  87336610  87391386 0.7804878
hs6  99369400  99394204 0.7804878
hs5 119452443 119637199 0.7804878
hs13 100089015 100530435 0.7801268
hs5 131159027 131171735 0.7799145
hs1   1308567   1311677 0.7798067
hs22  40346500  40369367 0.7798067
hs17  75261674  75266373 0.7797957
hs1  15526813  15592379 0.7797872
hs17   9771434   9791297 0.7796610
hs14  60144120  60169856 0.7796610
hs3 123067062 123225227 0.7794433
hs14  74881891  74903745 0.7793103
hs1  47333797  47378839 0.7788671
hs5 149345430 149354583 0.7786344
hs16  67430652  67437553 0.7786096
hs14  67676801  67695814 0.7786096
hs15  43746392  43773279 0.7784878
hs17  42549214  42555213 0.7783669
hs21  33503931  33543491 0.7782516
hs17  82035136  82037732 0.7781316
hs16   1795620   1827194 0.7780220
hs2 210477682 210679107 0.7780149
hs19  48813017  48836678 0.7780127
hs17  21123364  21193265 0.7775424
hs22  19875517  19941992 0.7774194
hs1 209686178 209734950 0.7773065
hs1 241497603 241519761 0.7764706
hs3  49024325  49029408 0.7763441
hs1  28199456  28233025 0.7763301
hs1  39692182  39763914 0.7762864
hs1 244408494 244452134 0.7761033
hs2  10439968  10448504 0.7759382
hs19  34359480  34402156 0.7759009
hs9   5084999   5086112 0.7758985
hs14  23969874  24006408 0.7758621
hs14  23969874  24006408 0.7758621
hs14  23969874  24006408 0.7758621
hs14  23969874  24006408 0.7758621
hs14  23969874  24006408 0.7745726
hs14  23969874  24006408 0.7745726
hs14  23969874  24006408 0.7745726
hs14  23969874  24006408 0.7745726
hs14 104724186 104747325 0.7758621
hs7 128392277 128410252 0.7757511
hs11  43556436  43856617 0.7754237
hs16   8674565   8784575 0.7753780
hs7 107890970 107931730 0.7752101
hs3 126103562 126197994 0.7750792
hs11  66848233  66958376 0.7750792
hs16  20536226  20576427 0.7748634
hs17  81843159  81860694 0.7744681
hs9  96235306  96302152 0.7743644
hs22  41469125  41528989 0.7738095
hs2  96760902  96811891 0.7736901
hs7  37848597  37900401 0.7735849
hs15  66293217  66333898 0.7733485
hs11 108665025 108940930 0.7733051
hs10 124397303 124418976 0.7728741
hs6  73461578  73509236 0.7726218
hs9  32384603  32454769 0.7724810
hs2  15591178  15631111 0.7723404
hs19   5680604   5688523 0.7723404
hs1 162790702 162812817 0.7722772
hs13  72752169  72782096 0.7722096
hs5  65563236  65587549 0.7721661
hs22  21652270  21700015 0.7719101
hs4  56435741  56461368 0.7716535
hs10  79347469  79355337 0.7716535
hs15  78437431  78501456 0.7716450
hs1 100186919 100249834 0.7716263
hs16  20623237  20698890 0.7714908
hsX  22999961  23003589 0.7714885
hsX  41333348  41364472 0.7710084
hs16  89088375  89155846 0.7707424
hs14  95086228  95158010 0.7706806
hsX  78065188  78129296 0.7703549
hs12 105019784 105084577 0.7702845
hs3 126571779 126655155 0.7701994
hs3 126571779 126655155 0.7701994
hs6  49785934  49787187 0.7701149
hs10  18545561  18651622 0.7700770
hs1  97077743  97921049 0.7700535
hsX 109624244 109733403 0.7699890
hs5 131806990 132012243 0.7698238
hs5 131806990 132012243 0.7698238
hs2 171999583 172082430 0.7697917
hs11 112024814 112064390 0.7696759
hs11 112029858 112030367 0.7696629
hs5  64768930  65018763 0.7696629
hs2 231961245 232344350 0.7693182
hs12   7304284   7328724 0.7693145
hs3  50569152  50596168 0.7692308
hs3 113747019 113812056 0.7692308
hs12  12813316  12829981 0.7691501
hs16  20451461  20487667 0.7688113
hs2 172555373 172608669 0.7686833
hs10  95194200  95228928 0.7686404
hs5 177511577 177517469 0.7685089
hs3 186783205 186789900 0.7685089
hs2 238060889 238099413 0.7684211
hs18  46080248  46104334 0.7681913
hs1  40979335  41012565 0.7681770
hs7  92487020  92528531 0.7681159
hs5 140691426 140699291 0.7679501
hs17  63773603  63819317 0.7679501
hs17  37609739  37643464 0.7677083
hs1  11785723  11806920 0.7676647
hs3  48293264  48301685 0.7676439
hs12 132136594 132144335 0.7676130
hs17   4948092   4957131 0.7674661
hs11 119084866 119093549 0.7674157
hs2 219209768 219218990 0.7673936
hs19   1040101   1065572 0.7673936
hs10  99782732  99852192 0.7673936
hs2  70935882  70965406 0.7673936
hs17  51153590  51171744 0.7673160
hs17  51153590  51171744 0.7673160
hs1 111755245 111768016 0.7671233
hs16  15949577  16143074 0.7670807
hs19  33386950  33521794 0.7670514
hs19  12922479  12934037 0.7669095
hs4  98995620  99062813 0.7669095
hsMT      8527      9207 0.6106304
hsMT      9207      9990 0.5719557
hsMT     10059     10404 0.5635697
hs11 120511759 120988904 0.3905852
hs16   3651639   3717597 0.7122302
hs9 136410570 136423761 0.6473552
hs6  44246166  44253888 0.7104946
hs12  66135846  66170072 0.6599496
hs3  49357176  49358600 0.6350000
hs8 144509074 144511213 0.5487646
hs9 128309103 128322742 0.7640048
hs11  33740939  33774543 0.4830287
hs5  96760810  96808100 0.7418182
hs17  75012670  75021261 0.6370656
hs5  79069717  79089466 0.4472362
hs15  34358618  34367278 0.5185644
hs7 107660635 107717809 0.6940024
hs17  28879335  28897679 0.4181586
hs9  94603133  94640249 0.6029593
hs14  77320884  77331597 0.5494071
hs14 102080738 102139699 0.7096386
hs16  58707131  58734357 0.6187576
hs1 220057482 220090462 0.5758323
hs1 171090877 171117819 0.6383764
hs10    274190    689743 0.5804020
hs3  47802909  47850195 0.6575682
hs10  85599555  86366493 0.4508095
hs17  27756766  27800499 0.6246851
hs2  27496842  27523684 0.3346304
hs9 137205670 137217009 0.6153846
hs14  54842008  54902852 0.7362110
hs9 136673143 136687423 0.5097276
hs17  48892765  48895871 0.4683053
hs12  53632726  53677408 0.4463131
hs2 175176258 175184607 0.4554839
hs12  96000828  96043520 0.7402913
hs5  80626228  80654983 0.6901580
hs8  91209494  91398152 0.6987805
hs9  97600080  97633575 0.4390244
hs1 205913048 205943460 0.6580566
hs15  79833585  79897379 0.6901580
hs2  74518131  74526336 0.6533666
hs11  63369789  63410294 0.5623441
hs7  56064002  56080670 0.4899497
hs3   9837849   9844602 0.4968867
hs10 113854661 113917194 0.4500632
hs10  93893973  93956062 0.4742138
hs17  28347177  28357522 0.4440053
hs20  49812713  49892242 0.6219212
hs13  46771256  46797232 0.6302414
hs1 145845629 145848953 0.3523447
hs17   4556927   4560818 0.5076923
hs21 33903453 33915980 1
