hs3 133745956 133779006 0.8269231
hs11  12276080  12359144 0.9361702
hs3 170086732 170181749 0.8476190
hs4 146706638 146945882 0.5000000
hs10  68341107  68407294 0.8979592
hs6  24544104  24646155 0.3863636
hs8  38176533  38213301 0.6967213
hs1 151156629 151159749 0.9361702
hs20  38127387  38166578 0.6417910
hs6 150143076 150250357 0.9032258
hs2 112370092 112434488 0.5430464
hs2 112370092 112434488 0.5430464
hs2 112370092 112434488 0.5430464
hs18  47212089  47249183 0.9565217
hs9  74497365  74693177 0.9468085
hs1  22117305  22143969 0.9468085
hs2 201182881 201229406 0.9468085
hs4  26481400  26490462 0.9468085
hs3  27715949  27722711 0.9468085
hs12 114670254 114684164 0.9468085
hs17  46833201  46886730 0.9468085
hs13  48653711  48711226 0.9468085
hs19  16888860  16892606 0.9468085
hs1 151806071 151831872 0.9468085
hs3  13816258  13880121 0.9468085
hs19  10223844  10231272 0.9468085
hs19  47290023  47322066 0.9468085
hs5  40679498  40693735 0.9468085
hs14  96204679  96244166 0.9468085
hs1 109539872 109548406 0.9468085
hs3  46353734  46360928 0.9468085
hs6 108166058 108188809 0.9468085
hs3 151873643 151884619 0.9468085
hs3 151294103 151316952 0.9468085
hs9 134317098 134440585 0.9468085
hs12 100473708 100564413 0.9468085
hs17  40058290  40093867 0.9468085
hs12  53210567  53232980 0.9468085
hs6 133889138 133895553 0.9468085
hs15  96325938  96340263 0.9468085
hs14  96255824  96268967 0.9468085
hs15  60488284  61229319 0.9468085
hs6  35342558  35428191 0.9468085
hs19  50329653  50382982 0.9468085
hs2 136114349 136118165 0.9468085
hs1  68098473  68233120 0.9468085
hs6 166157656 166168700 0.9468085
hs12  63142759  63150942 0.9468085
hs1  15490832  15526534 0.9468085
hsX 100627109 100639991 0.9468085
hsX 154257538 154271805 0.9468085
hsX 154257538 154271805 0.9468085
hsX 154257538 154271805 0.9468085
hsX 154257538 154271805 0.9468085
hsX 154257538 154271805 0.9468085
hsX 154257538 154271805 0.9468085
hsX 154257538 154271805 0.9468085
hsX 154257538 154271805 0.9468085
hsX 154257538 154271805 0.9468085
hsX 154257538 154271805 0.9468085
hsX 154257538 154271805 0.9468085
hsX 154257538 154271805 0.9468085
hsX 154257538 154271805 0.9468085
hsX 154257538 154271805 0.9468085
hsX 154257538 154271805 0.9468085
hsX 154257538 154271805 0.9468085
hsX 154257538 154271805 0.9468085
hsX 154257538 154271805 0.9468085
hsX 154257538 154271805 0.9468085
hsX 154257538 154271805 0.9468085
hsX 154257538 154271805 0.9468085
hsX 154257538 154271805 0.9468085
hsX 154257538 154271805 0.9468085
hsX 154257538 154271805 0.9468085
hsX 154257538 154271805 0.9468085
hsX 154257538 154271805 0.9468085
hsX 154257538 154271805 0.9468085
hs1 174448111 174449198 0.9468085
hs11  76186325  76210736 0.9468085
hs7  35202430  35254147 0.9468085
hs8  71841549  71844468 0.9468085
hs3 119173517 119205153 0.9468085
hs1 165400917 165445355 0.9468085
hs4 121329312 121381059 0.9468085
hs6  96794126  96837463 0.9468085
hs5 138083892 138092365 0.9468085
hs6 132617022 132624275 0.9468085
hs11   6259736   6272127 0.9468085
hs17  61452404  61485110 0.9468085
hs6  99919910  99994247 0.9468085
hs22  45920362  45977129 0.9468085
hs3  52433053  52445085 0.9468085
hs1  34865436  34929585 0.9468085
hs10  80454166  80533123 0.9468085
hs6  50713828  50772988 0.9468085
hs10  46461099  46465881 0.9468085
hs10  46461099  46465881 0.9468085
hs10  46461099  46465881 0.9468085
hs10  46461099  46465881 0.9468085
hs10  46461099  46465881 0.9468085
hs10  46461099  46465881 0.9468085
hs10  46461099  46465881 0.9468085
hs10  46461099  46465881 0.9468085
hs19    917287    921015 0.9468085
hs1  67701466  67833467 0.9468085
hsX 154144224 154159032 0.9468085
hs6  50818723  50847613 0.9468085
hs16  30085793  30091887 0.9468085
hs12 114353931 114408442 0.9468085
hs2  75046463  75199700 0.9468085
hs12  48965340  48971763 0.9468085
hs2  96859716  96870757 0.9468085
hs2 218880363 218899581 0.9468085
hs16   1078781   1080142 0.9468085
hs17  39404285  39451286 0.9462366
hs12  30709552  30754951 0.9456522
hsX  79170972  79172229 0.9368421
hs12 118063593 118136026 0.9368421
hs3  55465715  55490539 0.9368421
hs7 117276631 117323289 0.9368421
hs8   1501366   1708476 0.9368421
hs3 119780484 119818485 0.9368421
hs2 218981087 218985657 0.9368421
hs1 161229666 161238302 0.9368421
hs19  16661127  16690029 0.9368421
hs2 113215997 113278950 0.9368421
hs2 119439843 119524494 0.9368421
hs10 100463041 100483744 0.9368421
hs20  23035386  23036812 0.9368421
hs19  19623668  19628930 0.9368421
hs7 113078331 113087778 0.9368421
hs17  73165012  73176633 0.9368421
hs17  61399896  61409466 0.9368421
hs12  48978453  48981676 0.9368421
hs1 161070995 161089599 0.9368421
hs3  25174332  25597932 0.9368421
hs2 201116104 201176687 0.9368421
hs1 228007051 228061260 0.9368421
hs3  24117160  24495282 0.9368421
hs3  12287368  12434356 0.9368421
hs1  26911489  26913966 0.9368421
hs17  40309192  40357643 0.9368421
hs11  47354860  47378576 0.9368421
hs6  10393186  10419659 0.9368421
hs17  40092787  40100725 0.9368421
hs19   3172346   3180332 0.9368421
hs3  23945260  23980618 0.9368421
hs10 100969518 100985871 0.9368421
hs15  89748661  89751310 0.9368421
hsX  53049091  53080615 0.9368421
hs7  31337461  31340894 0.9368421
hs14  61995823  62112550 0.9368421
hs4 112513516 112516172 0.9368421
hs2 218859821 218874233 0.9368421
hs7 128772491 128775790 0.9368421
hs10  70247329  70283676 0.9368421
hs19  10512742  10517931 0.9368421
hs19  50418938  50431313 0.9368421
hs1 156147366 156177752 0.9368421
hs19  40665905  40690972 0.9368421
hs12 122714756 122716892 0.9368421
hs1 112466541 112530165 0.9368421
hs2  64092652  64144454 0.9368421
hs19  49335171  49343335 0.9368421
hs3  50155045  50189075 0.9368421
hs1 207006845 207099993 0.9368421
hs14  56117814  56301526 0.9368421
hs1 118883046 118989556 0.9368421
hs5 152391532 152433368 0.9368421
hs3  50267558  50277546 0.9368421
hs7 143288215 143307696 0.9368421
hs2 208359714 208854503 0.9368421
hs22  37204238  37212322 0.9368421
hsX 153902531 153907166 0.9368421
hs6 132588673 132589686 0.9368421
hs14  91232532  91253925 0.9368421
hs7  37905932  38025695 0.9368421
hs17  46762506  46833154 0.9368421
hs2 201233443 201287711 0.9368421
hs14  38207999  38213067 0.9368421
hs7  83363906  83649010 0.9361702
hs18   3496032   4455335 0.9361702
hs4  81030965  81057531 0.9361702
hsX  50910784  50916607 0.9361702
hs19  41301587  41353911 0.9361702
hs3 139005806 139357223 0.9361702
hs14  75958099  75982991 0.9361702
hs18  24460629  24479957 0.9361702
hs14  24305734  24312053 0.9361702
hs4 156760454 156971394 0.9361702
hs5 151661096 151687165 0.9361702
hs3 151337380 151384812 0.9361702
hs14  59429022  59465342 0.9361702
hs14  19975444  19976659 0.9361702
hs2 219514170 219538772 0.9361702
hs6  29587455  29589038 0.9361702
hs1  28147166  28193936 0.9361702
hs12   7689782   7695776 0.9361702
hs17  44070735  44076344 0.5602837
hs1 114769479 114780685 0.9263158
hs5  79372636  79514217 0.6330935
hs1  27830778  27851676 0.8723404
hs12  14365632  14502935 0.6614173
hs3 152340527 152340904 0.8947368
hs20  31944342  31952092 0.7478261
hs1  35433490  35557950 0.3899083
hs5 131245493 131398447 0.8686869
hs10  75279726  75401246 0.9139785
hs22  18906028  18914238 0.8541667
hs5  70025247  70043113 0.6166667
hs5  70025247  70043113 0.6166667
hs22  40044817  40335808 0.8137255
hs4  10486395  10684865 0.9468085
hs11  34051683  34101156 0.8969072
hs12   8913896   8941467 0.7739130
hs7  91940867  92110673 0.6315789
hs3  48465046  48467645 0.4545455
hs9  34086387  34127399 0.5120482
hs19  13862063  13880757 0.8350515
hs15  51056598  51105276 0.9462366
hs5 119268692 119399688 0.9361702
hs14  39265284  39388513 0.7372881
hs11  64244480  64246941 0.9032258
hs17  45160700  45170040 0.9247312
hs1  14598704  15118043 0.8217822
hs2  85544723  85561547 0.5703704
hs17  42900797  42913369 0.5683453
hs10  95663396  95694143 0.7500000
hs6 159969099 160113507 0.6412214
hs15  67819704  67834561 0.9565217
hs5 175440039 175444208 0.9468085
hs7  84995553  85186855 0.9468085
hs19  42247572  42255157 0.9468085
hs2 156324432 156342348 0.9468085
hs18  48919853  48950711 0.9468085
hs17  43527844  43579620 0.9468085
hs19  17231883  17245940 0.9468085
hs13  48389567  48444704 0.9468085
hs15  71792638  71818259 0.9468085
hs6  88139864  88166359 0.9468085
hs1  19665287  19679562 0.9468085
hs1  54007299  54018186 0.9468085
hs15  39799023  39920892 0.9468085
hs4 139028112 139177218 0.9468085
hs19  51450847  51458456 0.9468085
hs10 118589989 118595699 0.9468085
hs3  46201709  46208396 0.9468085
hs7  19144782  19145421 0.9468085
hsX  16123556  16153021 0.9468085
hs2 206175316 206218047 0.9468085
hs2 132416574 132646559 0.9468085
hs11 113409615 113475691 0.9468085
hs20  62214970  62220267 0.9468085
hs1  23191895  23194729 0.9468085
hs18  51028394  51085045 0.9468085
hs1 101236888 101241518 0.9468085
hs2 231108230 231125118 0.9468085
hs11 128458761 128587558 0.9468085
hsX  30304206  30309598 0.9468085
hs5 143277931 143435512 0.9468085
hs17  40553769  40565472 0.9468085
hs6  86937306  87016683 0.9468085
hs3   8750408   8769628 0.9468085
hs5  76615482  76623434 0.9468085
hs1 216503246 217137755 0.9468085
hs15  67063763  67195195 0.9468085
hs13  46831550  46897076 0.9468085
hs7  13891228  13991425 0.9468085
hs6 151656691 152129619 0.9468085
hs6  34537802  34556333 0.9468085
hs14  64084232  64338112 0.9468085
hs8  53225716  53251697 0.9468085
hsX 114584078 114910061 0.9468085
hs9  91409045  91423862 0.9468085
hs11  34621093  34661057 0.9468085
hs1 200027602 200177424 0.9468085
hs5  33936386  33938237 0.9468085
hs11   6767987   6769055 0.9468085
hs6  47781982  47832780 0.9468085
hs19  35443907  35451767 0.9468085
hs20  64105820  64107171 0.9468085
hs1 155941710 155942949 0.9468085
hs6 132538290 132539336 0.9468085
hs8  52938431  52941117 0.9468085
hs1 168079543 168137667 0.9468085
hs19  45589764  45602208 0.9468085
hsX  78945332  78961954 0.9468085
hs2  68467561  68655576 0.9468085
hs2  68467561  68655576 0.9468085
hsX 104566315 105767829 0.9468085
hs12  96194382  96269835 0.9468085
hs3 111070071 111275563 0.9468085
hs1 157092044 157099808 0.9468085
hs19  51795163  51826189 0.9468085
hs7 155070324 155085749 0.9468085
hsX   1462572   1537107 0.9468085
hs20  64080173  64100643 0.9468085
hs15  77041404  77083984 0.9468085
hs12 101475421 101486997 0.9468085
hs19   8302127   8308356 0.9468085
hsX  41688973  41697277 0.9468085
hs6  36354642  36387800 0.9468085
hs13  96985719  96994730 0.9468085
hs12  56994446  56996684 0.9468085
hs4   8558725   8619761 0.9468085
hs22  40678750  40682814 0.9468085
hs2 127645864 127652639 0.9468085
hs1  31617686  31632518 0.9468085
hs9  38408994  38424447 0.9468085
hsX  80014756  80031769 0.9468085
hs18  13882044  13915707 0.9468085
hs13  49220338  49222377 0.9468085
hs15  66702228  66782848 0.9468085
hs6  55106460  55282620 0.9468085
hs6 132644984 132646003 0.9468085
hs6 137492202 137494250 0.9468085
hs8  26748150  26867273 0.9468085
hs19  35358460  35360485 0.9468085
hs15  33968720  34067457 0.9468085
hs10 123666355 123694607 0.9468085
hs11  94377311  94401419 0.9468085
hs20  36306336  36528637 0.9468085
hs9 122940833 123104866 0.9468085
hs9 122940833 123104866 0.9468085
hs1  84498325  84506565 0.9468085
hs1 153661788 153671048 0.9468085
hs19  44809059  44821420 0.9468085
hs12 108288044 108339341 0.9468085
hs3 132597237 132618967 0.9468085
hsX 116170722 116174972 0.9468085
hs20  62708837  62762771 0.9468085
hs6 166999405 167139141 0.9468085
hs1 202007945 202017188 0.9468085
hs17  47733244  47746119 0.9468085
hs3  45886504  45903177 0.9468085
hs19  49948985  49961172 0.9468085
hs8  75407914  75566843 0.9468085
hs5  76818933  76835315 0.9468085
hs18  47808957  47931146 0.9468085
hs11  34478793  34513805 0.9375000
hs6 142058330 142088799 0.9368421
hs21  33070144  33072420 0.9368421
hs18  77250549  77277896 0.9368421
hs4  57030773  57110385 0.9368421
hs17  15944917  15975746 0.9368421
hs3  98531899  98533150 0.9368421
hs10 114044056 114046908 0.9368421
hs4 148078762 148444698 0.9368421
hs20  25070885  25082365 0.9368421
hs19  35666516  35678483 0.9368421
hs7 121325367 121341104 0.9368421
hs6  77462205  77463464 0.9368421
hs4 155208629 155217078 0.9368421
hs20   5302040   5314369 0.9368421
hs2 218162845 218166995 0.9368421
hs2  96112875  96116245 0.9368421
hs19  10111538  10115372 0.9368421
hs3 148697784 148743008 0.9368421
hs12  11649854  11895402 0.9368421
hs5 175658030 175686242 0.9368421
hs1  84811602  84893213 0.9368421
hs3  39329706  39333511 0.9368421
hs6  39048798  39087743 0.9368421
hs17  81804132  81814013 0.9368421
hs14  24311450  24318036 0.9368421
hs8  37962991  37966965 0.9368421
hs12  52022832  52059507 0.9368421
hs17  64319415  64413776 0.9368421
hs13  77895481  77919768 0.9368421
hs17  82374230  82375586 0.9368421
hs19  15049384  15058293 0.9368421
hs21  38380027  38661780 0.9368421
hs2 182833275 182867162 0.9368421
hs1  25543580  25568886 0.9368421
hs19   3052910   3063107 0.9368421
hs9  88991447  89005010 0.9368421
hs20  44355700  44432845 0.9368421
hs11  64305572  64316743 0.9368421
hs5 148451032 148677235 0.9368421
hs12  30926428  30996599 0.9368421
hs7  80742538  80922359 0.9368421
hs1 205597556 205631962 0.9368421
hs19  35641745  35644871 0.9368421
hs11  67631303  67639560 0.9368421
hs2 161416094 161425870 0.9368421
hs2  27149004  27156974 0.9368421
hs13  26755200  26760785 0.9368421
hs1 209938174 210171315 0.9368421
hs6 132570322 132571359 0.9368421
hs17  30316333  30334059 0.9368421
hs7  30938669  30993254 0.9368421
hs4   3766348   3768526 0.9368421
hs10  69571698  69573238 0.9368421
hs4 163343939 163351934 0.9368421
hs13  99254714  99261744 0.9368421
hs16   3144219   3149963 0.9368421
hs13  99294530  99307405 0.9368421
hs12  12660891  12696207 0.9368421
hsX 130064874 130110716 0.9368421
hs19  41673307  41706976 0.9368421
hs21  25734570  25772460 0.9368421
hs13  40931920  41061440 0.9368421
hs1 203090654 203167405 0.9368421
hs20  63005927  63007035 0.9368421
hs3  32951574  32956349 0.9368421
hs4   9781680   9784009 0.9368421
hs4   9781680   9784009 0.9368421
hs19   2511219   2702709 0.9368421
hsX  71615916  71618517 0.9368421
hs1  23870526  23913362 0.9368421
hs1 239386565 239915452 0.9368421
hs9 114402080 114505450 0.9368421
hs5 148825245 148828687 0.9368421
hs16  28846600  28874212 0.9368421
hs11 119308529 119321521 0.9368421
hs2 219569162 219575713 0.9361702
hs17  33013087  34174964 0.9361702
hs19  51752026  51770526 0.9361702
hs16  20031485  20073917 0.9361702
hs7 136868669 137020255 0.9361702
hs11  73264505  73298617 0.9361702
hsX  78271464  78327691 0.9361702
hs2 190055697 190062729 0.9361702
hs3  42804752  42887974 0.9361702
hs20  45888625  45891287 0.9361702
hs10  93566665  93604480 0.9361702
hs10  70432315  70447951 0.9361702
hs3  46163604  46266706 0.9361702
hs2 218125289 218137253 0.9361702
hs5  76716043  76735781 0.9361702
hs12  57434760  57450828 0.9361702
hs18  60371110  60372775 0.9361702
hs9    841690    969090 0.9361702
hs11  73218298  73236352 0.9361702
hs11  59503576  59504511 0.9361702
hs1 247451029 247451982 0.9361702
hs6  29086307  29087313 0.9361702
hs1 248573801 248574757 0.9361702
hs7 144318125 144319057 0.9361702
hs7 144318125 144319057 0.9361702
hs7 144318125 144319057 0.9361702
hs7 144318125 144319057 0.9361702
hs7 144318125 144319057 0.9361702
hs7 144318125 144319057 0.9361702
hs7 144318125 144319057 0.9361702
hs7 144318125 144319057 0.9361702
hs9 122567548 122568477 0.9361702
hs9 122553112 122555173 0.9361702
hs11   7927633   7928662 0.9361702
hs1 248272852 248273814 0.9361702
hs9 104617248 104618204 0.9361702
hs9 104598457 104599413 0.9361702
hsX 131544074 131545000 0.9361702
hs14  20014260  20015193 0.9361702
hs9  35869263  35870601 0.9361702
hs14  20117407  20118438 0.9361702
hs7 143026158 143027195 0.9361702
hs14  19876232  19877309 0.9361702
hs6  29306690  29307655 0.9361702
hs17  58169656  58170579 0.9361702
hs6  29425504  29457071 0.9361702
hs17  58155133  58156156 0.9361702
hs11  75088713  75089754 0.9361702
hs1 248323630 248324568 0.9361702
hs11  59477373  59478396 0.9361702
hs9 104604671 104605627 0.9361702
hs7 144129058 144130069 0.9361702
hs19  15728020  15729060 0.9361702
hs19  15807003  15808126 0.9361702
hs1 248473351 248474307 0.9361702
hs11  55603354  55604398 0.9361702
hs7 144109514 144110564 0.9361702
hs19   4639518   4655568 0.9361702
hs7 100169606 100177372 0.9361702
hs14  55027230  55049488 0.9361702
hs10  47300386  47313547 0.9361702
hs14  31482964  31487945 0.9361702
hs12  55743280  55757278 0.9361702
hs1 159313670 159314659 0.9361702
hs12  54164745  54188994 0.6869565
hs14  55366392  55411858 0.9062500
hs17  45148502  45152101 0.9347826
hs4 141220887 141234697 0.8877551
hs4 185018841 185020804 0.7394958
hs3 101222546 101320560 0.8645833
hs16  71525233  71538746 0.7280702
hs9  70043581  70226970 0.7943925
hs16    152687    154503 0.5259259
hs21 25716503 25735673 1
