hs21  33485530  33491720 0.8004137
hs17  38847865  38853843 0.9783505
hs3  65353525  66038834 0.7738589
hs18  50967991  50988121 0.7107180
hs2 107986523 108013994 0.5171696
hs7  78017057  79453574 0.7248183
hs3 170459584 170586074 0.7113188
hs16    283152    287215 0.9462254
hs7  92487020  92528531 0.9865841
hs2 182716041 182794464 0.9608651
hs6   2765414   2786952 0.9855072
hs3 186567403 186597203 0.9443872
hs10 133394094 133421307 0.7240664
hs15  65611366  65660995 0.5662148
hs13  95677139  95794989 0.9536560
hs2  95402721  95416616 0.7833333
hs16  30985207  30989152 0.9209979
hs17  19495385  19579034 0.7019730
hs13  33818049  33966558 0.8782518
hs1 219685427 219958647 0.7640333
hs2 189784085 189877629 0.8286604
hs9  37422666  37436990 0.9231568
hs8 143612618 143618048 0.8690229
hs15  45402331  45421419 0.9896587
hs18  74534440  74587212 0.8262227
hs8  56067295  56074581 0.9649123
hs13  25372071  26025851 0.6867220
hs1 179550539 179575952 0.8099688
hs12  55720367  55724705 0.9564767
hs2  23748664  23927114 0.9906736
hs8  17497088  17570573 0.7557173
hs13 100089015 100530435 0.9699482
hs12 118013588 118033130 0.9762151
hs14  22773222  22829820 0.7557173
hs12  12813316  12829981 0.9699793
hs14  24232422  24239242 0.9221184
hs8  28089673  28191156 0.6649324
hs17  50426158  50474845 0.9167534
hs3  69054730  69080408 0.8982347
hs13  30202630  30307484 0.9865841
hs6  20534457  21232404 0.8443983
hs10  68956128  68985073 0.9813857
hs8 143603913 143609773 0.8773389
hs22  21957025  21982816 0.9772021
hs2  43838964  43878466 0.9845041
hs1  17018722  17054170 0.8274428
hsX 153688099 153696593 0.3816475
hs6  87514378  87590003 0.9823834
hsX 129446501 129523500 0.7401247
hs16  28842411  28846408 0.9835221
hs17  81900965  81911464 0.7307692
hs3  10816200  10940733 0.3847758
hs6 159669057 159762529 0.8210962
hs6   7881517   7910814 0.9555785
hsX  16588003  16712936 0.9647303
hs2  55634063  55693910 0.8354037
hs1  45511036  45523047 0.9461140
hs2 216412414 216483053 0.7601246
hs16  28974221  28984548 0.7757009
hs20  41402101  41618494 0.7320872
hs6  55434369  55579214 0.8547718
hs8  20197367  20226819 0.9927235
hs16  89490917  89557768 0.9865841
hs2  18554723  18560680 0.9575569
hs1  26037252  26046133 0.8272633
hs1 200623896 200669969 0.9833853
hs6  43427366  43450430 0.9875776
hs10  21756537  22003769 0.9453608
hs5 146113038 146182660 0.9824017
hs17  12992391  13018187 0.6666667
hs8  70635318  70669174 0.9056995
hs8 144789765 144792587 0.9752577
hs1  44850522  44986722 0.9449637
hs6  83161150  83193936 0.7929240
hs2  39736060  39779267 0.6434511
hs4  17577192  17607972 0.6725572
hs7  90335223  90391455 0.9865564
hs3 193402077 193593111 0.9460581
hs1 235327350 235344532 0.9595855
hs16  84122146  84145192 0.9512448
hs10  25016658  25026664 0.8178054
hs20  63558086  63574239 0.8838174
hs1 230906243 230978875 0.7255717
hs16    726936    735525 0.8900415
hs4  39454124  39458948 0.7126556
hs1  15572353  15585110 0.7058212
hs15  73978923  73994622 0.7777778
hs4 103079435 103099883 0.9616580
hs17   7921859   7929803 0.8607069
hs3 156037701 156539138 0.8668054
hs13 110615460 110639993 0.8305613
hs19  58386400  58394806 0.8513932
hs19  41386374  41397479 0.6742739
hs20  49219295  49244077 0.9772021
hs5  82273358  82278577 0.9711637
hs11  72292425  72434680 0.9287190
hs4 145097932 145129179 0.9845201
hs1  10398592  10420144 0.7689906
hs17  50478800  50485975 0.7850467
hs16  18781295  18790383 0.9226006
hs16    788622    800737 0.7326425
hs17  42950526  42964498 0.9460021
hs16  11679080  11742878 0.6538462
hs3  50569152  50596168 0.9409326
hs18  47107403  47150520 0.6541667
hs5 138115172 138139443 0.9035270
hs8 124488485 124539458 0.9389866
hs1  19303965  19312146 0.8482328
hs1  12567910  12617731 0.9678423
hs6 149504733 149546038 0.8682573
hs21  43719094  43762307 0.6864583
hs5  95463895  95555007 0.6316337
hs12  15911172  16037282 0.5790021
hs17  42101404  42112733 0.9730570
hs7  44565417  44575051 0.9502075
hs6 149749443 149811420 0.7536383
hs9 128832942 128882494 0.9553479
hs6  33272010  33276510 0.9268041
hs9 112379937 112472410 0.8587747
hs3 132654446 132678097 0.9065421
hs10 109864766 109923553 0.8607069
hs6  36854827  36875024 0.8617464
hs5  65665928  65723035 0.6954262
hs10  72332830  72355230 0.9433574
hs15  64155812  64163205 0.8636837
hs4  56977722  57031168 0.9855372
hs1   1751232   1780457 0.9501558
hs3  58237506  58295693 0.8328141
hs16  70113626  70162537 0.8239583
hs7  73680969  73683453 0.9432990
hs16  46884378  46931297 0.9460581
hsX  72204657  72239047 0.7383178
hs11  75399486  75422280 0.7692308
hs3  25597905  25664907 0.9358842
hs19  39971005  39981441 0.9876161
hs4 106315544 106349226 0.8156250
hsX  47190861  47215128 0.9013499
hs2 236324147 236507542 0.9523316
hs19  10013249  10022279 0.9678756
hs1 145241630 145242124 0.8638254
hs14  23953586  23969279 0.9471503
hs6  99369400  99394204 0.8910788
hs6  73394748  73417569 0.9772727
hs20  19212646  19722937 0.5802083
hs18  56597208  56651600 0.8769390
hsX 129738974 129769538 0.9282744
hs5 123023250 123036741 0.8638254
hs12  55820960  55830824 0.9371782
hs2  99337353  99401326 0.9835052
hs6   3118374   3153578 0.7487020
hs14  67676801  67695814 0.9502075
hs21  14371115  14383484 0.9484536
hs3  13479724  13506424 0.7359667
hs21  36134912  36146566 0.9544513
hs4   8269765   8307111 0.8816199
hs2  85342088  85354620 0.7034339
hs16  66802875  66873256 0.6305931
hs19  13764532  13774282 0.6309771
hs19  51097606  51108370 0.8348910
hs17  18271428  18315007 0.9792531
hsX 107628424 107651026 0.9470954
hs5 177511577 177517469 0.9803313
hs4 108742040 108763054 0.9326425
hs17   2303383   2325260 0.9232365
hs12  48105139  48146404 0.7510373
hs5 103548855 103562793 0.8004158
hs22  32387582  32412255 0.4911550
hs18   9885726   9889275 0.9347826
hs14  50857891  50944736 0.6517205
hs4 170060222 170091699 0.9408714
hs19  54200742  54249003 0.7828335
hs4  99896248  99946726 0.9474768
hs3 155870536 155944026 0.9637681
hs3  53224707  53256052 0.9451913
hs14  90256495  90275429 0.9824561
hs2  24077433  24085861 0.8212058
hs15  45479611  45522807 0.8357588
hsX 154295671 154330350 0.9503619
hs2 112645857 112663827 0.6694387
hs11  64746389  64760297 0.6520833
hs13  29509410  29595688 0.7557173
hs7  16091192  16421322 0.6282451
hsX  70925582  70931125 0.7427083
hs19  33208664  33225850 0.7487020
hs16  68021274  68023442 0.9606218
hs14  31489956  31861224 0.9428868
hs1  23691779  23696425 0.9680412
hs9 111631386 111670229 0.9443299
hs1 162790702 162812817 0.8962656
hs1  63593276  63660245 0.9657321
hs2 197705369 197708387 0.9834881
hs1  53087179  53142632 0.5604167
hs19  49496365  49499689 0.7002075
hs16  68264516  68301823 0.7640333
hs1   1311585   1324691 0.8316008
hs17  82057506  82065887 0.8858921
hs2  27364352  27370486 0.6045786
hs10 112374018 112428380 0.8971963
hs12  48829764  48852842 0.9689441
hsY  12904937  12918122 0.9668394
hs14  94048291  94081245 0.9460581
hs17  44849943  44899662 0.9845520
hs3  10992724  11039247 0.3899896
hs20  62952647  62969585 0.6833333
hs22  21028718  21032840 0.7440166
hs10  49610301  49612720 0.6822430
hs3  51983340  51989197 0.8037383
hs19  46774883  46788594 0.5619147
hs11  34853094  34916499 0.5879292
hs6  32845209  32853978 0.9876033
hs17  41976433  42021376 0.9515963
hs1 144372875 144373659 0.8616025
hs1 144372875 144373659 0.8616025
hs1 144372875 144373659 0.8616025
hs1 144372875 144373659 0.8616025
hs1 144372875 144373659 0.8627859
hs1 144372875 144373659 0.8627859
hs1 144372875 144373659 0.8627859
hs1 144372875 144373659 0.8627859
hs14 100333788 100376805 0.5567118
hs16  20610243  20797581 0.9169263
hs16  70299224  70373383 0.9782609
hs5 168486445 168519299 0.9833853
hs19   1438358   1440494 0.9721936
hs12 123602077 123620941 0.9740933
hs7  24573268  24694193 0.8808290
hs3 128153454 128408646 0.9855372
hs11  71453109  71524107 0.9139004
hs21  44300051  44327376 0.7430052
hs6  32821833  32838780 0.9824561
hs5 150443190 150449756 0.9711637
hs13  20567069  20691437 0.6392931
hs20  25248069  25298014 0.6437500
hs22  24494107  24528390 0.7596254
hs8  22106872  22109419 0.7775468
hs7  44796680  44824564 0.8617464
hs7  44796680  44824564 0.8617464
hs7  44796680  44824564 0.8617464
hs7  44796680  44824564 0.8617464
hs7  44796680  44824564 0.8534304
hs7  44796680  44824564 0.8534304
hs7  44796680  44824564 0.8534304
hs7  44796680  44824564 0.8534304
hs8  66021560  66100526 0.9423275
hs2   6865806   6898239 0.5708333
hs11  43556436  43856617 0.9616580
hsX  51490011  51496596 0.6961498
hs9 111631352 111654351 0.9474227
hs4  67612652  67701179 0.8816199
hs20  13008979  13169103 0.7993763
hs3 184186023 184194012 0.9865702
hs21  36069941  36073166 0.9544041
hs21  34073570  34106260 0.5681582
hs2  45388680  45612165 0.8250518
hs3 100334701 100356866 0.8629283
hs8  31033801  31173769 0.9626168
hs1  46247688  46278473 0.7120582
hs14  45135940  45200890 0.9813278
hs12  21437615  21471252 0.7227414
hs17  76309486  76384521 0.9700413
hs12 111686056 111757107 0.7850467
hs1 148479824 148483679 0.8608515
hs8 143574785 143578649 0.5306972
hs6 107152557 107459564 0.7912773
hs2 195575977 195737702 0.5020833
hs11 119149012 119162653 0.9865564
hs7 134527592 134541408 0.8471933
hs4  47485288  47593486 0.7310488
hs19  19645198  19663693 0.9324324
hs20   6006090   6040053 0.7954309
hs3  94062916  94128545 0.8866944
hs3 194640788 194672477 0.9077720
hsX  12791355  12824222 0.9680412
hs12 106357658 106510198 0.9845041
hs5 180300690 180353387 0.9688474
hs1   5991466   6101193 0.8647242
hs15  40765155  40807477 0.9422680
hs1 109213918 109238169 0.9803719
hsX  24558087  24672677 0.5796046
hs10  70098223  70132934 0.8808290
hs12 123232916 123257959 0.8813209
hs11   3000922   3057613 0.9720207
hs7 138002324 138117986 0.7245322
hs1  88935773  88992953 0.9534161
hs17  80135214  80147183 0.9824017
hs19   5784832   5791238 0.8746114
hs5    892643    919357 0.9607032
hs20  34872146  34927962 0.9013499
hs12  29500840  29784759 0.8178980
hs2  27199587  27212958 0.5430945
hs15  45023104  45077185 0.8578838
hs5   6599239   6633291 0.8761707
hs1  32775237  32818153 0.8627859
hs2 238060889 238099413 0.9576883
hs14  77505997  77616773 0.7923157
hs12    220621    262873 0.3774765
hs12  10699089  10723312 0.6673575
hs3 186789880 186807058 0.9865564
hs20   5126786   5197887 0.8733126
hs12    190077    214570 0.3858186
hs3 184135038 184684758 0.7221644
hs1  11054584  11060024 0.6468750
hs2 106093303 106194339 0.9511942
hs6  31530219  31542448 0.9626556
hs10  70202830  70233911 0.7479253
hsX  53374149  53422728 0.8056133
hs3 194402672 194498364 0.9388601
hs7  37848597  37900401 0.9721074
hs1 182789293 182830384 0.7487020
hs5  33440696  33469539 0.9814241
hs17  42561467  42566277 0.9345794
hs16  67987746  68079320 0.8786307
hs2  70935882  70965406 0.9948025
hs3 113747019 113812056 0.9927310
hs2  32063611  32157637 0.9907025
hs2  43812472  43838865 0.9896587
hs4  88090264  88231322 0.9896480
hs12  56638175  56646068 0.9896373
hs3 128064778 128153914 0.9896373
hs14  52707172  52728587 0.9886481
hs1   1512151   1534687 0.9886364
hs16  48166910  48247568 0.9886246
hs11  47418769  47426473 0.9886128
hs19   5691834   5720572 0.9886010
hs2 218658764 218663443 0.9886010
hs1 173824503 173858546 0.9876033
hs2 168922938 169031322 0.9875905
hs3 158644278 158692575 0.9865841
hs7  50444128  50542535 0.9865702
hs21  42199689  42297244 0.9865564
hs18  46917492  47102243 0.9865564
hs10  87751512  87841343 0.9865564
hs15  82130230  82262763 0.9855819
hs5  74721204  74767371 0.9855819
hs6  43605316  43629162 0.9855670
hs18  63389190  63422483 0.9855521
hs11  17392885  17476845 0.9855222
hs16  48082973  48156018 0.9855072
hs22  38705723  38738299 0.9845361
hs9  35056064  35073249 0.9845201
hs6  31777518  31795953 0.9845201
hs7  87401697  87480435 0.9845041
hs2 163593396 163736012 0.9844881
hs1   1471769   1497848 0.9844881
hs4  44678427  44700926 0.9835221
hs1 220094102 220148041 0.9835221
hs7  87503633  87713323 0.9834881
hs2 112541915 112577150 0.9834711
hs3  49095932  49105101 0.9824380
hs17  63827152  63832026 0.9824380
hs14  74285423  74303056 0.9824380
hs10  68901278  68946847 0.9824199
hs6  42963870  42979220 0.9814433
hs6  30908242  30926459 0.9814433
hs1 150487364 150507609 0.9803516
hs2 189746660 189763227 0.9803516
hs5  55738017  55817157 0.9803516
hsX  78065188  78129296 0.9803313
hs14  20446411  20455105 0.9803109
hs14  34981957  35029567 0.9802905
hs17   7484366   7514618 0.9794027
hs2 162267079 162318703 0.9792746
hs6  44299654  44313326 0.9783282
hs11 126262919 126269144 0.9782834
hs6  49785934  49787187 0.9782609
hs19  18919675  18928627 0.9772257
hs9 132592997 132670401 0.9761905
hs2  27217390  27243943 0.9761658
hs4  56393362  56435615 0.9760915
hs12  21468911  21501669 0.9751553
hs19  38930548  38933162 0.9742533
hs6 155257509 155314493 0.9741468
hs5 134758779 134855133 0.9730849
hs4 168863770 169010275 0.9720497
hs19  33386950  33521794 0.9699482
hs17  18840085  18931287 0.9690083
hs19  38915266  38930896 0.9690083
hs17  36591798  36600806 0.9688797
hs4  87336610  87391386 0.9688474
hs19  48813017  48836678 0.9678756
hs11  66848233  66958376 0.9668394
hs8 144511288 144517845 0.9668050
hs12 113157174 113185479 0.9667705
hs1  26432282  26471294 0.9667705
hs20  35668055  35699359 0.9659443
hs12 104215779 104350305 0.9658738
hs4  39287456  39366375 0.9658031
hs2 215996329 216082955 0.9658031
hs17  18327860  18363563 0.9657676
hs3 183015218 183116075 0.9647668
hs12  56951431  56959374 0.9647668
hs3 197509783 197573323 0.9647303
hs13 110641412 110713603 0.9647303
hs14  60144120  60169856 0.9637681
hs6  33204642  33206831 0.9637306
hs12  57229327  57234935 0.9637306
hs17  75626845  75667189 0.9636929
hs2 105037983 105099960 0.9629248
hs1  37802944  37808185 0.9627329
hs12  56752161  56787790 0.9626556
hs17  82035136  82037732 0.9606218
hs2 117814650 117832379 0.9606218
hs16  84368527  84464187 0.9594595
hs13  51932673  52011494 0.9585062
hsX  77910656  78050395 0.9585062
hs7  74231499  74254458 0.9576446
hs15  90717327  90816165 0.9554404
hs16   1962052   1964860 0.9535604
hs11  78435961  78574874 0.9535604
hs4 163471093 163473746 0.9534161
hs7 149003062 149028641 0.9523810
hs16  71565660  71577130 0.9523316
hs17  81843159  81860694 0.9493278
hsX  38352545  38421450 0.9492228
hs11  66435075  66466738 0.9484536
hs16   4425805   4456775 0.9484536
hs11  44065925  44084222 0.9471503
hs19  12796820  12801859 0.9461140
hs9   4709559   4742043 0.9460581
hs9 135499984 135504673 0.9051546
hs2   9423568   9473101 0.8442368
hs20  33358839  33401561 0.8433610
hs10   4786629   4848062 0.8180873
hs2 210002565 210022259 0.9005181
hs15  49858238  50182817 0.6825726
hs11  35251206  35420063 0.5623701
hs4 143513463 143557486 0.7453222
hs16  19501689  19522145 0.7447917
hs5    218241    256700 0.9118257
hs16  87830023  87869488 0.7640333
hs3  14402576  14489349 0.3816475
hsY  10190377  10192298 0.7565036
hs1 155289839 155301434 0.9179647
hs18  57646426  57803101 0.6742739
hs14  51240162  51257546 0.9431231
hs11   4094707   4138876 0.8923395
hs10   3066333   3137712 0.7403946
hs12 120503274 120534434 0.9221992
hs10 110567691 110604636 0.8584807
hs1 156308968 156367873 0.7028986
hs11 107502726 107565746 0.7002075
hs1 175010789 175023425 0.8297214
hs5 150189957 150222788 0.3826903
hs2  84423523  84460045 0.8674948
hs20  25006230  25058980 0.9044652
hs1 119368779 119394130 0.6804979
hs5  34998101  35048135 0.9315353
hs19  10251901  10260045 0.8637771
hs11  57712600  57740973 0.8676319
hs6 106571971 106629487 0.7962578
hs16  69328621  69330595 0.7533679
hs16   1826941   1840207 0.7783559
hs7 103297422 103329511 0.8510417
hs3  67360460  67654614 0.8338525
hs2 241734579 241768816 0.8264033
hs10   7788129   7807815 0.8638254
hs14  50237563  50312548 0.6302083
hs17  63600872  63608365 0.8278008
hs4   7058906   7068197 0.8957688
hs2  75646783  75690851 0.8093264
hs2  95087207  95149434 0.8903826
hs3 136250306 136337896 0.8982347
hs17  51153590  51171744 0.9190871
hs17  51153590  51171744 0.9190871
hs17  51153590  51171744 0.9190871
hs17  51153590  51171744 0.9190871
hs17  51153590  51171744 0.9148494
hs17  51153590  51171744 0.9148494
hs17  51153590  51171744 0.9148494
hs17  51153590  51171744 0.9148494
hs19  17334920  17342735 0.9051546
hs10  95605929  95656706 0.8106139
hs5  71587288  71658704 0.7759336
hs7  73736094  73738867 0.8295218
hs13  41216369  41263577 0.8916409
hs10  73248843  73252693 0.8452012
hs6  44113454  44127457 0.7008282
hsX  19343893  19361705 0.8404145
hs3  25782917  25794534 0.8642487
hs15  88467453  88480773 0.9370485
hs21  25585656  25607517 0.6822430
hs3   3126916   3150879 0.8747412
hs19  48795062  48811029 0.8367983
hs12  32727490  32755902 0.9267286
hs3  58427630  58433857 0.9243523
hs4 151670504 151761023 0.8526971
hs19  41397460  41431345 0.7896373
hs3  48599002  48610976 0.8385417
hs21  33903453  33915980 0.7681913
hs1  31296982  31364953 0.8260870
hs1 154983338 154993111 0.8130841
hs3 124730366 124745193 0.9272349
hs6 152987362 153002685 0.8883144
hs11  20599400  20659285 0.3868613
hs10 102918293 103090221 0.8783784
hs3 113716460 113746300 0.8158169
hs10 102869516 102901899 0.7318087
hs2  53970838  54305300 0.6039501
hsX  72329516  72573103 0.7362409
hs17  41812680  41823217 0.7671518
hs6  80106647  80346270 0.9079628
hs5   1392790   1445430 0.3816475
hs2  72887360  72892158 0.9336100
hs9  35812960  35815354 0.9409938
hs1 173477266 173488807 0.9149378
hs17  81911939  81921323 0.7251037
hs15  57953424  58497866 0.8908524
hsX 130129362 130165887 0.6095535
hs12  56104319  56113907 0.9079628
hs6  24494852  24537207 0.8844953
hs18    657604    673578 0.6895119
hs10  24848607  24952604 0.6767152
hs17  81932384  81942412 0.8783784
hs10  14838164  14871741 0.9371782
hs17  49404049  49414905 0.6704782
hsY  18026115  18027740 0.7785863
hsY  18026115  18027740 0.7785863
hsY  18026115  18027740 0.7785863
hsY  18026115  18027740 0.7785863
hsY  18026115  18027740 0.7785863
hsY  18026115  18027740 0.7785863
hsY  18026115  18027740 0.7785863
hsY  18026115  18027740 0.7785863
hs17  36601572  36608971 0.8471074
hs19   6361452   6368908 0.8274793
hs8 102826357 102893864 0.8636837
hs9  99216426  99221956 0.8516598
hs1 211571568 211578742 0.7383178
hs6  31959080  31969755 0.6992716
hs19  18831938  18868236 0.5941727
hs10   5035354   5107686 0.8347193
hs1  18871430  18902781 0.8764278
hs18  36187519  36272157 0.8376422
hs7 134646808 134679813 0.7188797
hs7  44062727  44065587 0.7523316
hs1  47333797  47378839 0.9170984
hs12   4321205   4354593 0.7541494
hs22  41469125  41528989 0.9253112
hs9  68328308  68531061 0.9438669
hs4 158709134 158723396 0.8731809
hs1  20588948  20618908 0.6424116
hs2  73640832  73642393 0.7255717
hs2  73640832  73642393 0.7255717
hs2  73640832  73642393 0.7255717
hs2  73640832  73642393 0.7255717
hs2  73640832  73642393 0.7086368
hs2  73640832  73642393 0.7086368
hs2  73640832  73642393 0.7086368
hs2  73640832  73642393 0.7086368
hs12  47782722  47833132 0.7380457
hs13  47936487  48001326 0.8328141
hs4 168356735 168537786 0.6863967
hs2 108719481 108785811 0.8607069
hs2  44275458  44321494 0.6836629
hs19  17871973  17895174 0.6438214
hs10 122461525 122514908 0.8848548
hs21  43053191  43076943 0.9214064
hsX  71533083  71575897 0.8565489
hs2 102715840 102736888 0.8078920
hs22  50245183  50251405 0.7341641
hs22  32218476  32255341 0.5966736
hs5  75511756  75601144 0.7856400
hs14  92121937  92172145 0.6020833
hs8  60678778  60868028 0.7206646
hs12  24810022  24949459 0.8037383
hs17  40388516  40417950 0.9410548
hs4  39498755  39528311 0.8147763
hs9   4490444   4587469 0.5619147
hs2 239048168 239401654 0.7354772
hs16  55655604  55706192 0.3826903
hs16  78099413  79212667 0.9306418
hsX  41514934  41923463 0.9212435
hs19   2754714   2783371 0.6850312
hs9 110243811 110256640 0.9378882
hs16  31483002  31490860 0.5763240
hs14  67819779  68730218 0.6403326
hs11    747329    765024 0.7852697
hs7   5973239   6009125 0.8295218
hs22  32043032  32113029 0.6147456
hs5 126541841 126595418 0.8898129
hs19   4174109   4182604 0.7279335
hs2  99400475  99490035 0.8043704
hs2  26847747  26950351 0.8411215
hs15  72686179  72738476 0.7258567
hs14  67241109  67335819 0.8890041
hs15  72199029  72231822 0.9148494
hs12   6867119   6870948 0.9315353
hs15  40694774  40732339 0.8082902
hs17  30194319  30236002 0.3826903
hs5 178208497 178232791 0.9335410
hs15  40978880  41116354 0.7169615
hs7  73302517  73308867 0.8378378
hs1  43991500  44031467 0.3837331
hs2 172555373 172608669 0.7773153
hs8  42416475  42541926 0.6756757
hs13 100603927 100675093 0.7390852
hs2 135136916 135531236 0.7297297
hs9  97904489  97922570 0.3764338
hs1 107056679 107059294 0.6468750
hs20  63895182  63936031 0.9423275
hs20  63939829  63956415 0.8184647
hs15  59206823  59208515 0.7385892
hs1 120889746 120890405 0.8617464
hs1 146344006 146344790 0.8626431
hs4  95840019  95841474 0.8058152
hs10 103245887 103248016 0.8910788
hs19  10701430  10713437 0.8804574
hs9  76385517  76394517 0.8066528
hsX   1403139   1453762 0.8399168
hs7 117710651 117874139 0.6774194
hs18  49481681  49491586 0.7471503
hs18  49481681  49491586 0.7471503
hs18  49481681  49491586 0.7471503
hs18  49481681  49491586 0.7471503
hs18  49481681  49491586 0.7365145
hs18  49481681  49491586 0.7365145
hs18  49481681  49491586 0.7365145
hs18  49481681  49491586 0.7365145
hs3  45755450  45796535 0.3920751
hs3  49805207  49813946 0.9013499
hsX    304529    318819 0.7746625
hs14  75002911  75012366 0.6351351
hs17  45023340  45061109 0.8795431
hs17   7288252   7294615 0.6715026
hs12 125065379 125143333 0.8578838
hs4  37826633  37862937 0.9273859
hs2 200870907 200889303 0.8563996
hsX   7048920   7148190 0.7489583
hs19  39433207  39435948 0.9402062
hs2  28849821  28870301 0.6024974
hs2 177392644 177543836 0.8168574
hs6 106629578 106668417 0.8962656
hs3 196214222 196287957 0.5671176
hs12   8681600   8783095 0.6320166
hs9 113373419 113376999 0.7151767
hs16  48244296  48363122 0.9306418
hs9  32972606  33025168 0.5739583
hs9  72114595  72257193 0.6978193
hs11   7665100   7677222 0.7375519
hs3 114005833 114088422 0.8016615
hs13  49247925  49293485 0.4719335
hs2  27253684  27275817 0.7023933
hs13 113490995 113554590 0.6247401
hs20  64255695  64287821 0.5328467
hs6 134917390 134950122 0.8816199
hs2 200889327 200903930 0.5483871
hsX  54530211  54561071 0.8994819
hs11  18529609  18588747 0.6677051
hs16   4803203   4847342 0.7401247
hs10  70815961  70881173 0.7243523
hs2 201644870 201698694 0.8848548
hs6  33416442  33418317 0.4412071
hs15  78264086  78282196 0.9453044
hs14  77800083  77935012 0.7848233
hs11 126202094 126211692 0.8904959
hs13 108218379 108234255 0.6947040
hs18  68673688  68715298 0.9389866
hs8 144078626 144080647 0.9389234
hs12  49346917  49357546 0.9423275
hs16  81988855  82011488 0.9261954
hs16  20409534  20441336 0.9169263
hsY  24045604  24047688 0.7775468
hs20  50934867  50958555 0.9397089
hs4 168216293 168318807 0.8341969
hsX 152830967 152869729 0.9376299
hs2  17663812  17800242 0.7460978
hs15  75023555  75117462 0.9304979
hs10  67796665  67838166 0.9299691
hs12  80936414  81261205 0.9106957
hs12 131929200 131945896 0.8954451
hs19   6135247   6193094 0.8951194
hs2  27781364  27891098 0.8869295
hs1  52927229  53051703 0.7385417
hs2 169584340 169641406 0.8595213
hs14  75053221  75069483 0.5561331
hs17  28719393  28724359 0.8018672
hs4  79225694  79326050 0.6193952
hsX 101009346 101052116 0.8149688
hs20  20017116  20033655 0.7356920
hs13  48037567  48047222 0.6593750
hs17   8247618   8270491 0.8834547
hsX  15319451  15335554 0.9169263
hs3  10248023  10281218 0.9327122
hs17   4948092   4957131 0.9813472
hs2  10439968  10448504 0.9001041
hs1 156591762 156594299 0.8029197
hs9 127794597 127814327 0.9023884
hs3 160399274 160434962 0.8137357
hs17  28854938  28861067 0.9482402
hs9  33025211  33039907 0.9485067
hs4  99070978  99088801 0.8492723
hs10  28050993  28334486 0.8839378
hs11 112029858 112030367 0.8647242
hs19  12737139  12748323 0.7279335
hs5  10249921  10266412 0.9783282
hs2 174072447 174248698 0.8974093
hs12  21797401  21941402 0.9886128
hs1  40979335  41012565 0.9678089
hs7 107923799 108003255 0.6337149
hs20  62183029  62203568 0.9865702
hs1 169132531 169367967 0.9136316
hs12  39755021  40106089 0.6742976
hs19  49453169  49471048 0.8626431
hs10 129467184 129768007 0.7975078
hs5  76083172  76353939 0.7268951
hs2  47695530  47810101 0.8598131
hs1 100896076 100981753 0.7450572
hs17   7189890   7219702 0.8632124
hs1 113390749 113685923 0.8110073
hs4 184755595 184826818 0.8970894
hs4  99336492  99353027 0.8485477
hs16  82035004  82098534 0.9657676
hs11  26667019  26723427 0.6201873
hs16  75627474  75648643 0.9886246
hs6 128883141 129516569 0.7200832
hs17  42549214  42555213 0.9626943
hs19   1383527   1395589 0.7603734
hs2  74529377  74533348 0.8743510
hs8  66430185  66471601 0.6663202
hs1   8861002   8879249 0.9813084
hs9 125234853 125241330 0.9453608
hs9  34329506  34343713 0.5790021
hs14 104085679 104115581 0.8218750
hs7  97852118  97872542 0.7627471
hs4  99412261  99435737 0.8381743
hsX 154778684 154821007 0.8870466
hs1 203626561 203744081 0.9523316
hs1 244408494 244452134 0.9407484
hs6   1623806   2245692 0.8940810
hs12  50103819  50111319 0.8678460
hs17  43483865  43544463 0.9318182
hsX  53431258  53434373 0.9595855
hs5 140673173 140692024 0.9834540
hs2  63588609  63607197 0.7328482
hs9  99979179 100099040 0.9338159
hs11 118747766 118791149 0.9730849
hs12   6533927   6538374 0.9129534
hs19   1782075   1812276 0.7006237
hs7  48171458  48647496 0.9896266
hs3 127598223 127622436 0.6625000
hs3  49716844  49723951 0.9626168
hs3  49716844  49723951 0.9626168
hs9  92210207  92293716 0.9855521
hs17  82078338  82098332 0.9098446
hs20  36890229  36951843 0.5659398
hs17  44076746  44123702 0.7393562
hs2  69319769  69387254 0.9698858
hs1 229516582 229558695 0.9834711
hs14  20455191  20457772 0.8016615
hs19  35533412  35545316 0.9109731
hs20   1368978   1393172 0.7437500
hs1  46394265  46413848 0.8911917
hs3 197042560 197299300 0.8617464
hs1  70411218  70439851 0.8652850
hs2 214931542 215138428 0.9875776
hs9 128340646 128361470 0.8949011
hs22  31399523  31528740 0.9845041
hs16  75111860  75116771 0.8314256
hsX 153724868 153744762 0.9814050
hs10 119167703 119178833 0.9502075
hs16  30443631  30446181 0.4520833
hs3  15560704  15601831 0.8818653
hs8  81657961  81686693 0.8590674
hsX 139726346 139945276 0.7095436
hs3 132417526 132539032 0.8422680
hs1  11806096  11843144 0.6510417
hs5  64768930  65018763 0.8627859
hs15  78437431  78501456 0.9232365
hs6  16238580  16295549 0.9221184
hs17  41866908  41930542 0.8674948
hs11 108665025 108940930 0.9616183
hs6  34288770  34426048 0.6299376
hs18  12328944  12377314 0.9855521
hs1  75796882  75913238 0.8599585
hs3 123067062 123225227 0.9451346
hs10 103396648 103446292 0.9296794
hs8 104330324 104467053 0.8224299
hs20  25612935  25624175 0.8020833
hs7  73834590  73842535 0.6919875
hs12 113392445 113426301 0.8849741
hs14  24290598  24299833 0.9605809
hs10  17142254  17202054 0.5041667
hs16  70289663  70335283 0.9844237
hs15 101653598 101724604 0.9824561
hs11  77216558  77301687 0.7083333
hs1 212791828 212816626 0.9378882
hs1 219968601 220046658 0.9875776
hs13  94574051  94596257 0.9574247
hs12  88142296  88199887 0.7187500
hs1 111755245 111768016 0.9606625
hs3  49024325  49029408 0.9408100
hs1  42380795  42422578 0.6541667
hs11  74330318  74398473 0.9074844
hs10 116849512 116911788 0.9699482
hs4  56435741  56461368 0.8608515
hs9 127692978 127724873 0.7948187
hs10  99329099  99394330 0.8596674
hs1  37566816  37595935 0.7585492
hs14  57390544  57415917 0.6711759
hs3  32105689  32168713 0.8639668
hs1 165662216 165698863 0.8992731
hs11 125903376 125923263 0.9740933
hs5 147390811 147510056 0.8264033
hs13  38965925  38991066 0.8222453
hs7 128392277 128410252 0.9419087
hs17  43800799  43833170 0.8764278
hs17  34927859  34981078 0.9649846
hs15  50182196  50236395 0.7887617
hs7 134127299 134264591 0.8692946
hsX  24054716  24077971 0.9855819
hs1  74705482  74733408 0.8433610
hsX  57286706  57489196 0.8943005
hs2  24049701  24063681 0.7346514
hs12  93377883  93408146 0.7075963
hs16  88809339  88811944 0.8095734
hs2 169810081 169824931 0.7307692
hs10    988019   1019936 0.9576008
hs12 132136594 132144335 0.9627715
hs6 150368892 150405969 0.4755463
hs17  21123364  21193265 0.9678089
hs6 117675502 117710640 0.6431535
hs9  70258962  70354888 0.7422037
hs12 128853427 128984968 0.5400624
hsX  30653359  30731456 0.7681913
hs12   2794953   2805423 0.7575442
hs18  11981025  12030883 0.8549223
hs17   3923870   3964464 0.9585062
hs4  41990472  42090457 0.6833333
hs13  72752169  72782096 0.8392116
hs8  37762593  37779767 0.8587747
hs9 110303521 110337884 0.9400207
hs3  48293264  48301685 0.9139004
hs8  86214052  86321146 0.6964657
hs19   5680604   5688523 0.9533195
hs22  20111866  20117392 0.8869295
hs12 113422237 113438276 0.9161491
hs22  40859549  40862126 0.9453608
hs21  36750888  36990236 0.8638254
hs9  35099776  35103195 0.8526971
hs14  23969874  24006408 0.9461140
hs14  23969874  24006408 0.9461140
hs14  23969874  24006408 0.9461140
hs14  23969874  24006408 0.9461140
hs14  23969874  24006408 0.9346473
hs14  23969874  24006408 0.9346473
hs14  23969874  24006408 0.9346473
hs14  23969874  24006408 0.9346473
hs2  86020216  86106155 0.9845201
hs2  99318982  99340702 0.6305931
hs17  19737984  19748943 0.9012474
hs17  16683438  16684227 0.7003122
hs16   1770286   1771730 0.9158004
hs2  96760902  96811891 0.8774663
hs16  29679008  29698699 0.7689906
hs16  29679008  29698699 0.7689906
hs16  29679008  29698699 0.7689906
hs16  29679008  29698699 0.7689906
hs16  29679008  29698699 0.7700312
hs16  29679008  29698699 0.7700312
hs16  29679008  29698699 0.7700312
hs16  29679008  29698699 0.7700312
hs14  67701886  67734452 0.9637306
hs22  27978014  28679865 0.6843750
hs8  38974164  38988662 0.8753894
hsX  70444861  70505490 0.8733126
hs9 129803153 129811281 0.6812046
hs2 169064789 169096167 0.9575130
hs12  55681546  55684611 0.7821577
hs12   4720341   4851927 0.4427083
hs12   4720341   4851927 0.4427083
hs16   2275881   2340746 0.9855372
hs19  49289638  49325225 0.3587070
hs12  31647160  31673114 0.6239583
hs12  69585334  69601570 0.9072165
hs9 127731524 127735317 0.6033229
hs5   1201595   1225117 0.3889468
hs5  34929593  34958964 0.9463918
hs2 222860934 222944639 0.9024896
hs1 205828022 205850132 0.8309129
hs13  49628299  49633872 0.6172199
hs10  13317424  13348298 0.4734651
hs3 130850595 131016712 0.9563863
hs12   6570083   6607476 0.7590862
hs19  12922479  12934037 0.9803516
hs19  58479512  58512413 0.8918919
hs12 122920951 122981649 0.9865564
hs7  66075798  66093558 0.8944099
hs4 127781821 127840733 0.9494324
hs9 104094260 104141417 0.8419958
hs7 103099776 103149560 0.5416667
hs7  30594681  30634033 0.6832298
hs8  26514275  26658178 0.8087318
hs20  50958826  50963931 0.9118257
hs19  14514770  14529770 0.9454171
hs16  69311356  69326939 0.9845361
hs6 107867756 107958189 0.9431818
hs6 149594873 149648972 0.9855372
hs19  49889654  49929539 0.7717842
hs17  69078702  69141888 0.9875776
hsX 121047588 121050080 0.7702703
hs12  89588049  89709300 0.9533195
hs4  42408373  42657105 0.7320872
hs19  17468769  17506168 0.8921162
hs17  75751594  75765711 0.5735141
hs19  35550043  35563658 0.9574247
hs5 119452443 119637199 0.9647668
hs17  69244311  69327244 0.9855372
hs2 135906677 135986100 0.9865979
hsX 153517676 153582939 0.9564315
hs2  70607618  70768225 0.4843750
hs20  34280268  34311802 0.8116545
hs20   3208868   3223870 0.9502075
hs3 182793500 182921635 0.7528557
hs5 131806990 132012243 0.8940810
hs5 131806990 132012243 0.8940810
hsX 154762742 154777689 0.9678423
hs4 138164097 138242349 0.7601246
hs2  27086747  27100772 0.6645898
hs12  56923154  56934405 0.9616183
hs17  19678288  19718979 0.6715177
hs1 110150486 110202202 0.3868613
hs5   1225355   1246189 0.3910323
hs17  82942155  83051810 0.6847034
hs9  96235306  96302152 0.9626556
hs12 120302316 120313249 0.7258567
hs2  96274336  96305515 0.8319502
hs1 116372668 116410261 0.9522822
hs8 144502973 144507174 0.9408714
hs4  56338287  56387508 0.8992731
hs10  94501434  94613905 0.7559709
hs14  23630115  23645639 0.9636929
hs7   2242222   2251146 0.7055151
hs2  97083583  97094882 0.7825182
hs2  19896643  19901986 0.6193952
hs10 109996368 110135565 0.5026015
hs6  89642499  89819723 0.8487047
hs19  17511629  17521288 0.6812500
hs19  34428352  34471251 0.9024896
hs3  52681156  52694492 0.6825726
hs12  82686880  83134870 0.7075963
hs7  18026774  18027863 0.9690402
hs3 186783205 186789900 0.9803313
hs1   1308567   1311677 0.9399586
hs16  70252295  70289543 0.9813857
hs2  88691644  88750935 0.6580042
hs16  20359170  20404737 0.8004158
hs14  67359997  67386516 0.7502591
hs16  20623237  20698890 0.9158879
hs12  95473520  95515839 0.7217030
hs3 138261437 138329886 0.9325026
hs1  28199456  28233025 0.9122807
hs20  51596514  51768634 0.7533819
hs4   2071918   2242121 0.7731530
hs5 160563120 160852214 0.6597510
hs10   4963253   5107522 0.8336798
hs19  48933682  48944969 0.7403946
hs11  44047981  44059977 0.9501558
hs16  30698209  30745194 0.6961498
hs16  30698209  30745194 0.6961498
hs17  68867292  68955392 0.9886246
hs11 119084866 119093549 0.8626431
hs4  98995620  99062813 0.9783058
hs3 121431427 121546641 0.9730290
hs6 159760328 159779055 0.7788162
hs6  73515750  73523797 0.9835221
hs1  65147549  65232145 0.9657676
hs1  65147549  65232145 0.9657676
hs1  65147549  65232145 0.9657676
hs1  65147549  65232145 0.9657676
hs1  65147549  65232145 0.9616580
hs1  65147549  65232145 0.9616580
hs1  65147549  65232145 0.9616580
hs1  65147549  65232145 0.9616580
hs16  81081961  81096403 0.7991675
hs16  81081961  81096403 0.7991675
hs16  81081961  81096403 0.7991675
hs16  81081961  81096403 0.7991675
hs16  81081961  81096403 0.7991675
hs16  81081961  81096403 0.7991675
hs16  81081961  81096403 0.7991675
hs16  81081961  81096403 0.7991675
hs11  20387530  20509294 0.7593361
hs17   7626234   7627876 0.7588358
hs4  84582979  84651338 0.8744813
hs1 228139962 228148984 0.8921162
hs10  12165325  12196144 0.8575884
hs1 119659798 119744215 0.9263485
hs6 125956781 125980244 0.7914938
hs11  64241003  64244132 0.7752341
hs14  45115600  45135319 0.7440166
hs12  57768471  57772793 0.7145833
hsX  51332231  51337525 0.7177083
hs7 151207837 151227230 0.9896587
hs12 123620406 123633766 0.6420395
hs1  39692182  39763914 0.8762994
hs10  77969251  78029545 0.9814624
hs1  45550543  45570049 0.8491155
hs2 215311817 215349773 0.8701973
hs10  68414064  68472121 0.6045786
hs3 127689062 127823250 0.7769710
hs19   1040101   1065572 0.9844881
hs8  27490779  27545564 0.8647242
hs17  43014605  43025123 0.8128898
hs1  46340177  46365152 0.8803330
hs5 131159027 131171735 0.9492754
hs2 135839626 135876426 0.5781250
hsX 153785766 153794523 0.8871636
hs20   2658395   2664219 0.8861284
hs16   8852942   8869012 0.6373057
hs7 107563484 107578464 0.8941909
hs16  24845841  24911628 0.5166320
hs17  74862497  74873031 0.7661123
hsX  55000357  55009057 0.6024974
hs3 126103562 126197994 0.9648033
hs2  61868089  61888804 0.7458678
hsX 134460153 134520513 0.7286902
hs6 134960378 135103056 0.9855819
hsX  55009055  55031064 0.8203531
hs3  52198086  52214327 0.8070539
hs19  15114984  15125785 0.8838174
hs10  99782732  99852192 0.9865424
hs6  18155329  18223853 0.7886010
hs8 123319850 123416350 0.9896480
hs6  31809619  31815065 0.9495366
hs9  32384603  32454769 0.9241952
hs2 197486581 197516737 0.9814433
hs6  83210389  83431071 0.8221303
hs22  40346500  40369367 0.9419689
hs14  67619798  67651720 0.6947040
hs7 157335381 157417439 0.9463918
hs11  68008578  68029282 0.8938606
hs3 128462439 128467248 0.9443872
hs17  63773603  63819317 0.9854922
hs4  99276367  99291028 0.8483904
hs2  74198562  74217565 0.9158004
hs12  39550033  39619751 0.9906832
hs1 119507198 119515054 0.8817427
hs15  48331011  48343373 0.7681159
hs15  39934146  40035591 0.8360996
hs10 114938193 114977676 0.9740664
hs1 161197104 161214395 0.7422037
hs22  20965108  20981360 0.9855372
hs22  36467036  36482030 0.9556244
hs12  56271699  56300392 0.8245067
hs10  87050486  87094866 0.7710718
hs11  86441108  86672636 0.8209110
hs8  54135210  54147901 0.8720330
hs16  23581002  23596356 0.8526971
hs6  13574529  13615158 0.7318087
hs1  54756898  54764514 0.9824380
hs22  37807905  37817176 0.8149688
hs3  49416778  49422753 0.7700312
hs9 130444929 130501274 0.8661826
hs15  79845195  79923754 0.6891892
hs5 149345430 149354583 0.8906089
hs14  74881891  74903745 0.8252327
hs22  43132206  43143394 0.7912773
hs6 150865549 151101887 0.9199584
hs10  79347469  79355337 0.8627859
hs1 161037631 161038990 0.7309698
hs17  64477785  64497036 0.4199584
hs11  31432401  31509645 0.7642783
hs2 206114817 206159603 0.7748963
hs1 119031216 119140671 0.9576446
hs3  38103129  38137242 0.7689906
hs18  49782167  49813960 0.7920998
hs19  43506719  43527244 0.9275362
hs16  23522014  23557731 0.9845041
hs8 120380761 120445402 0.8835052
hs8  90001405  90052092 0.9668394
hs11  47565336  47584562 0.7071651
hs19  47113274  47210636 0.8501561
hs17  42950526  42980528 0.9585062
hs3 126571779 126655155 0.9689762
hs3 126571779 126655155 0.9689762
hs12 108562582 108569384 0.7212435
hs12 105019784 105084577 0.9637681
hs18  50879049  50954257 0.8246888
hs1  33007984  33080996 0.9492754
hs4  83261536  83284914 0.7559709
hs3 131462212 131502983 0.9731959
hs15  65001512  65029639 0.9099379
hs19  19528861  19537581 0.6406250
hs11  68891276  68903835 0.5208333
hs10  27110112  27155266 0.9834881
hs7 107890970 107931730 0.9700413
hs19  55039108  55071291 0.9616580
hs6  73461578  73509236 0.8008256
hs10 124397303 124418976 0.9316062
hs9  38392664  38398661 0.8990635
hs11  64318088  64321811 0.6718750
hs9   6532464   6645650 0.7598753
hs11  68030617  68036644 0.8423237
hs16  20451461  20487667 0.9096573
hs2  18555545  18589564 0.8910788
hs14  64388031  64463457 0.9230769
hs15  78131498  78171949 0.9076763
hs16  20536226  20576427 0.9117342
hs5  78997606  79236038 0.8336798
hs16   8674565   8784575 0.9304979
hs7  23298739  23311729 0.7331256
hs9 113386317 113401333 0.8566978
hs9 133663560 133739955 0.8302083
hs14  75013764  75051532 0.8255452
hs15  65148219  65185342 0.9855670
hs1  45329163  45340470 0.9232365
hs6  31739948  31762834 0.8618899
hs18  79069285  79378283 0.7515593
hsX  10156945  10237660 0.6722164
hs16  80597906  80804329 0.7804370
hs2 171999583 172082430 0.9793388
hsX  23664262  23686399 0.9440415
hs9 129812944 129824134 0.6101871
hs2 241675742 241686991 0.7622015
hs12 109116595 109268226 0.9420290
hs8  56300010  56320776 0.9699170
hs10 130136399 130184521 0.9554865
hs1 183023460 183145592 0.4593750
hs1  97077743  97921049 0.9439252
hs16  15949577  16143074 0.9896587
hs4 122923074 123319450 0.9886364
hs1   1449689   1470158 0.9886128
hs17  18087886  18107971 0.9886128
hs17  69147214  69244846 0.9876161
hs7 117465784 117715971 0.9875905
hs9 104781002 104928237 0.9875905
hs13  95019829  95301433 0.9865564
hs7  20615207  20777038 0.9865564
hs2 219209768 219218990 0.9865424
hs17  68974488  69061064 0.9865424
hs20  63488013  63499315 0.9855819
hsX  51743431  51746232 0.9855819
hs17  46590669  46757464 0.9855521
hs1  93992835  94121132 0.9855372
hs18  57600656  57622213 0.9855372
hs5 140691426 140699291 0.9854922
hs16  11868128  11916082 0.9845520
hs1 224227334 224330387 0.9845201
hs7 151028422 151047782 0.9845041
hs8  30678061  30727926 0.9845041
hs12  57475445  57517569 0.9845041
hs6  30571376  30597179 0.9845041
hsX  75053172  75156732 0.9844881
hs19   3976056   3985469 0.9835221
hs6   5261044   5771580 0.9835052
hs3  45388506  45549421 0.9834881
hs17  37609739  37643464 0.9834197
hs22  38483440  38507660 0.9824199
hs9 137007227 137028922 0.9824199
hs17  64499616  64508199 0.9813472
hs12   6913745   6923698 0.9813278
hs5  62387254  62403939 0.9752066
hsX  22999961  23003589 0.9741201
hs14  95086228  95158010 0.9731127
hsX  41333348  41364472 0.9720207
hs18  63327726  63367510 0.9699482
hs17   9771434   9791297 0.9698858
hs4  87303789  87322906 0.9688797
hs16   2039815   2047866 0.9688797
hs8  73294612  73325281 0.9688797
hs9   5084999   5086112 0.9678423
hs16  10743786  10769351 0.9668050
hs16    401826    412487 0.9657676
hs4 174490177 174523154 0.9648033
hs1 209686178 209734950 0.9636929
hs2 222570536 222656337 0.9627329
hs19  14408819  14419383 0.9626943
hs1  77282051  77559969 0.9616183
hs9 127866480 127877743 0.9595855
hsX   2219516   2502805 0.9585062
hs17  28897781  28903071 0.9554404
hs1 160115759 160143591 0.9553942
hs16  28878405  28904509 0.9553479
hs17  37084988  37406818 0.9544984
hs19  41966582  41997497 0.9543094
hs17   7572706   7579005 0.9533195
hs2  15591178  15631111 0.9533195
hs3  10324023  10708031 0.9533195
hs12 110280756 110351093 0.9532710
hs13  24680411  24712493 0.9532225
hs21  33503931  33543491 0.9513458
hs16  46955362  46973788 0.9504644
hs5 138554882 138575444 0.9494324
hs13  31134974  31162388 0.9494324
hs15  43746392  43773279 0.9493802
hs16  67430652  67437553 0.9481865
hs1  23795599  23800804 0.9481328
hs1 241497603 241519761 0.9481328
hs6  31815464  31817946 0.9474768
hs6  31815464  31817946 0.9474768
hs6  31815464  31817946 0.9474768
hs6  31815464  31817946 0.9474768
hs6  31815464  31817946 0.9464470
hs6  31815464  31817946 0.9464470
hs6  31815464  31817946 0.9464470
hs6  31815464  31817946 0.9464470
hs2 210477682 210679107 0.9472596
hs1 161524540 161526910 0.9464470
hs1  15526813  15592379 0.9464470
hs2  10783391  10837977 0.9462810
hs6  30541377  30557174 0.9461698
hs16   1782901   1789191 0.9460021
hs5 133051962 133106449 0.9454171
hs14  64535905  64546173 0.9454171
hs9  34989641  34998900 0.9454171
hs6  73593379  73654155 0.6677083
hs2  96816245  96833911 0.8565489
hsX 116436622 116461458 0.3847758
hsMT      3307      4262 0.6496881
hsMT      4470      5511 0.6871102
hsMT      8527      9207 0.5849844
hsMT     10760     12137 0.6998962
hsMT     12337     14148 0.7110187
hs2 219498867 219506988 0.9438085
hs7  32957404  33006931 0.7572614
hs7  76048051  76067508 0.7557173
hs16   3651639   3717597 0.7082035
hs22  19875517  19941992 0.9358178
hs14  74056850  74084493 0.8814969
hs2 197515571 197553699 0.8126294
hs2 197515571 197553699 0.8126294
hs5  65563236  65587549 0.8650052
hs17  43875357  43909711 0.8774663
hs11  64185272  64204543 0.6500000
hs6  44246166  44253888 0.6995842
hs1  77979175  78017964 0.9422680
hs9  21802543  21937651 0.7200832
hs5  90458203  90474768 0.7692308
hs9 128309103 128322742 0.7640333
hs10 124748149 124791870 0.6767152
hs2  26243170  26290468 0.7858628
hs10  80271820  80289684 0.8890041
hs8  98102344  98117241 0.8172378
hs1  42682395  42702349 0.6704663
hs4   1211448   1249953 0.9191710
hs9  32455705  32526324 0.6926272
hsY  24045604  24047688 0.7825182
hs4  99123657  99157792 0.8430353
hs9 132725578 132878777 0.9305699
hs10  97426160  97433441 0.6552440
hs10  97426160  97433441 0.6552440
hs10   4922564   5135226 0.8291667
hs10   5195462   5218949 0.8380062
hs2 197499994 197503457 0.8822314
hs6 109492856 109691217 0.9409938
hs14  96392111  96489427 0.7328482
hsX  48801377  48824982 0.7383178
hs6  30727709  30742733 0.5270833
hs15  90083045  90102504 0.7151767
hs17  51153536  51162428 0.9190871
hs6  42960758  42963880 0.5327103
hs10 124984317 125161170 0.9221992
hs15  27754875  28099358 0.5693431
hs2 240868479 240880502 0.8409563
hs15 100877714 100916626 0.9002079
hs18  54269404  54321266 0.7954309
hs13 112690329 112887168 0.7113188
hs5  31400497  31532196 0.8623188
hs14 102080738 102139699 0.7006237
hs1   7954291   7985505 0.6801661
hs4  99202638  99219537 0.8443983
hs6 143422832 143450673 0.8634953
hs16   1795620   1827194 0.9035270
hs6 109390215 109441171 0.8584807
hs1  48222685  48248644 0.5452653
hs12  25204789  25250936 0.6760125
hs1  16985958  17011928 0.9429461
hs17  72645949  73092712 0.4568158
hs1 155308748 155320666 0.8783784
hs1 119414931 119423035 0.8443983
hs3  59749310  61251459 0.8097713
hs11  83455012  85627922 0.8388773
hs1  92029982  92063536 0.8412863
hs8  10054268  10428891 0.8262227
hs1  23019448  23083689 0.7362409
hs8 116950273 117176714 0.8324662
hs3  36993332  37050918 0.8234683
hs10 102673731 102714407 0.6812046
hs9  72900662  73080442 0.8980229
hs12  21635342  21757857 0.7266112
hs11  28108248  28333507 0.7735264
hs2  85539165  85545280 0.8899273
hs1  23801885  23838620 0.8547718
hs19  38878555  38899862 0.7245322
hs6 131573144 131584332 0.7037422
hs7 134442350 134459284 0.8369678
hs3  39406689  39412542 0.6320166
hs6 113933028 114011308 0.7341641
hs5 132556019 132646344 0.8284823
hs16  72008588  72027664 0.9397089
hs11 119044189 119057202 0.9423275
hs10  67884669  67918390 0.7061267
hs1   6101793   6180123 0.7505198
hs6  35573585  35728583 0.7627471
hs1 236795281 236903981 0.7346514
hs11  18394388  18408425 0.5960540
hs4  99304964  99321442 0.8485477
hs1 182381704 182392206 0.8690229
hs11 119096503 119108331 0.7604167
hs7 129225023 129430211 0.7991675
hs11 108121516 108147776 0.7796258
hs1 109984686 110023741 0.8045738
hs9  36214441  36277056 0.6642412
hs19  10133345  10231286 0.5348595
hs11    215458    236931 0.7227414
hs12 111766887 111809985 0.8888889
hs4   5748084   5893058 0.8201663
hs5 163503114 163519336 0.8367983
hs2  47402969  47562311 0.8598131
hs12   6556863   6568691 0.8896982
hs2 231961245 232344350 0.8383420
hs22  50525752  50530085 0.4568158
hs5  80654648  80876460 0.8661826
hs9 121338988 121370304 0.8047767
hs16  89088375  89155846 0.9096573
hs2 208236227 208266074 0.6847034
hs9  92031999  92115384 0.7902388
hs6 100508194 100881372 0.6856846
hsX  49922615  50099235 0.6881497
hs15  40569300  40574943 0.8969072
hs15  90929964  90932569 0.7297297
hs14  66507407  67181803 0.7943925
hs6  39899578  39934551 0.8201663
hs19  32830509  32869766 0.7300104
hs16    396725    410367 0.9219563
hs22  16590751  16592810 0.9257732
hs12   7304284   7328724 0.9177940
hs7 134549136 134579875 0.8118503
hs14  50872160  50904970 0.6863967
hs16  70246778  70251930 0.5619147
hs10  74151185  74709303 0.7284079
hs17  59220467  59275967 0.7177083
hs22  21652270  21700015 0.8648649
hs1 225919877 225924340 0.8388773
hs2  73233420  73253021 0.8254132
hs6  34279679  34392674 0.6788321
hs4  74114174  74303099 0.9127726
hs15  79833585  79897379 0.6732570
hs17   7884806   7912760 0.7354167
hs12  95943293  95968716 0.5608741
hs1  33081104  33120530 0.8607069
hs5 128538013 129033642 0.8855359
hs14  23125295  23183674 0.7082035
hs10  95194200  95228928 0.9042664
hs18  75195108  75209348 0.8106139
hs5 139408588 139444491 0.9443872
hs11  18412307  18452058 0.7471384
hs1 153774354 153780157 0.8813736
hs14  20468954  20477094 0.7047817
hs7 151956379 152019934 0.4838373
hs11  67662162  67681200 0.8865765
hs3  42600614  42648741 0.8513514
hs1  91260766  91404869 0.7817048
hs11  18455824  18479600 0.7788162
hs11 119024114 119030906 0.6472425
hsX  75274085  75304600 0.7209544
hs9  95875701  96014571 0.6971904
hs9  95875701  96014571 0.6971904
hs7  27525442  27662995 0.7943925
hs10 132186900 132205776 0.7966805
hsX 109624244 109733403 0.9054054
hs11  93609760  93610333 0.7248183
hs3   9362842   9386791 0.3649635
hs1 161118086 161125445 0.8276220
hs9 137459953 137550534 0.7273673
hs1  19282558  19289250 0.8355879
hs13  36949775  37000261 0.6524454
hs3 112990918 113015060 0.9213251
hs17  19648136  19677598 0.8877339
hs4  83407343  83455856 0.7848233
hs14 104724186 104747325 0.9386694
hs3 193274790 193378843 0.9367220
hs7  73683025  73705161 0.7193347
hs12  50923472  50932517 0.7989637
hs16    784974    788397 0.8915289
hs5  55307760  55425581 0.7251037
hs19  12806580  12813638 0.8137357
hs10  18545561  18651622 0.8941909
hs22  45344063  45413619 0.8160083
hs13  52012398  52029664 0.6867846
hs1  51789191  51878937 0.7770833
hs4 122888697 122922968 0.5895833
hs15  78167468  78245688 0.8960499
hs18 46080248 46104334 1
