hs1 162069774 162370475 0.8901099
hs7  83363906  83649010 0.9340659
hs12   7689782   7695776 0.9340659
hs2  46698952  46763129 0.9239130
hs12 100473708 100564413 0.9239130
hs11  69698232  69704642 0.8426966
hs2  64631621  64751005 0.8488372
hs20  49903391  49915508 0.8850575
hs3  86937969  86991119 0.8863636
hs19  12730640  12734775 0.6555556
hs6  49499958  49527047 0.8131868
hs19  38801671  38813364 0.9139785
hs2  20200797  20225433 0.9333333
hs17   3662896   3668682 0.9204545
hs12   6786858   6820808 0.8555556
hs20  37289638  37317260 0.8720930
hs12  69348341  69354234 0.8555556
hs18  75210755  75289950 0.8876404
hs6 138088505 138107511 0.8478261
hsX  48130657  48132613 0.8279570
hsX  48130657  48132613 0.8279570
hsX  48130657  48132613 0.8279570
hsX  48130657  48132613 0.8279570
hsX  48130657  48132613 0.8279570
hsX  48130657  48132613 0.8279570
hsX  48130657  48132613 0.8279570
hsX  48130657  48132613 0.8279570
hs11  61949821  61965515 0.9042553
hs11  13009577  13012106 0.8863636
hs11  17351726  17377341 0.8045977
hs11  15112424  15247208 0.8988764
hs3  58564117  58627610 0.8421053
hs5 140332843 140346631 0.8314607
hs19  54465026  54473264 0.8604651
hs8 123248451 123275541 0.7578947
hs11   7485388   7511377 0.9431818
hs17  20449395  20467539 0.9340659
hs17  18476737  18494945 0.9340659
hs11  65314818  65322429 0.9069767
hs16   1678256   1702280 0.8255814
hs16  18791667  18801678 0.8241758
hs3  98497912  98523066 0.8977273
hs19  17405722  17433724 0.8461538
hsX  13771031  13938638 0.9213483
hs2  64524305  64593005 0.9204545
hsX 136532152 136556807 0.8863636
hs1  10636604  10796650 0.8300000
hs10  47365496  47384273 0.9333333
hs3 126704220 126960406 0.8777778
hs16  24255553  24362801 0.8901099
hs17  17476986  17493226 0.7523810
hs15  83255903  83284716 0.7924528
hs17  73283624  73312175 0.9069767
hs3  52534013  52579237 0.7701149
hs19  39655894  39660647 0.9120879
hs3 129543214 129551467 0.7941176
hs19  39704306  39709444 0.9222222
hs1  34712737  34859816 0.7934783
hs18   8705661   8832778 0.8494624
hs2 216081866 216102783 0.8720930
hs3  46701333  46710886 0.8222222
hs12  48567684  48570066 0.8750000
hs17  50164214  50175931 0.9325843
hs1 101802574 101997030 0.8829787
hs22  36563921  36703558 0.9101124
hs20  37492472  37527931 0.8750000
hs17  35934518  35943699 0.7700000
hs1 116574399 116667755 0.9090909
hs3  42397078  42410600 0.8555556
hs19  51478622  51490952 0.8539326
hs22  42079691  42084284 0.8863636
hs5  76952713  76981158 0.8850575
hs6  75291859  75493738 0.6967213
hs4 183853431 184023526 0.9213483
hsX  34627064  34657288 0.8924731
hs10  29289061  29318328 0.8020833
hs14  74852871  74871940 0.9431818
hs3  15254853  15341368 0.9042553
hsX 103773718 103792619 0.9080460
hs14  95407266  95475836 0.9000000
hs5 180899077 180950906 0.8522727
hs1 201403768 201429866 0.9545455
hs12  66116555  66130768 0.8314607
hs1 161983192 162023854 0.9120879
hs21  39445855  39515506 0.9010989
hs22  37570246  37582616 0.9120879
hs11  32893178  32993316 0.9213483
hs20   1629152   1657779 0.8977273
hs3  32238679  32370325 0.8160920
hs3 111292719 111665750 0.8000000
hs2  87002559  87021852 0.7865169
hs2  87002559  87021852 0.7865169
hs2  87002559  87021852 0.7865169
hs2  87002559  87021852 0.7865169
hs2  87002559  87021852 0.7865169
hs2  87002559  87021852 0.7865169
hs2  87002559  87021852 0.7865169
hs2  87002559  87021852 0.7865169
hs2  64453969  64461381 0.9333333
hs2 214411065 214578959 0.8750000
hs9 128166064 128204383 0.7714286
hs17  32970376  32997877 0.8953488
hs19   9853718   9936552 0.9325843
hs20  45325288  45348424 0.9438202
hs20  52972407  53495330 0.9418605
hs2 165469647 165689407 0.9550562
hs10  96832260  96981043 0.9318182
hs1  28668732  28719353 0.9120879
hs19  47274453  47275707 0.4777778
hs10 103389041 103396466 0.8505747
hs19  40771648  40777490 0.7912088
hs1 236518000 236552981 0.9333333
hs1 117001750 117036476 0.9090909
hs17  42795147  42798704 0.6250000
hs2 227325151 227357836 0.8988764
hs8  96493351  96611780 0.9438202
hs20   1894167   1940592 0.9438202
hs19  55151767  55157773 0.9230769
hs1 171635417 171652683 0.8300000
hs4  36281622  36345756 0.8750000
hs2  86199355  86213794 0.9000000
hs19  53963040  53990215 0.9101124
hsX  47142216  47145504 0.7816092
hs12   6491886   6493841 0.9101124
hs2  74471958  74473322 0.8181818
hs9 101387633 101398614 0.8152174
hs1   1352689   1361777 0.7954545
hs10 102854272 102901899 0.8255814
hs1 155127460 155134857 0.9213483
hs1 155018520 155033781 0.9230769
hs5 107376889 107670895 0.9318182
hs2  37641882  37738468 0.8720930
hs1 155033824 155050930 0.9545455
hs13  53028759  53052057 0.8924731
hs19  38770971  38773492 0.9340659
hs19  38770971  38773492 0.9340659
hs19  38770971  38773492 0.9340659
hs19  38770971  38773492 0.9340659
hs19  38770971  38773492 0.9340659
hs19  38770971  38773492 0.9340659
hs19  38770971  38773492 0.9340659
hs19  38770971  38773492 0.9340659
hs1 248592830 248593768 0.9550562
hs12  51061205  51083664 0.9550562
hs3  39141855  39154562 0.9550562
hs3  18345387  18445588 0.9550562
hs15  32641676  32697098 0.9545455
hs11  63506084  63516774 0.9545455
hs17  66835117  66885486 0.9545455
hs2 199269500 199471266 0.9444444
hs7 144050368 144051380 0.9444444
hs1  78303884  78539749 0.9444444
hs19   2249309   2252073 0.9444444
hs6  32393963  32407128 0.9444444
hs19  15793951  15795082 0.9444444
hs11  59456938  59457991 0.9444444
hs14  20060045  20060983 0.9444444
hs14  19920582  19921659 0.9444444
hs11  55993681  55994625 0.9444444
hs11  58439120  58440173 0.9444444
hs11   7795905   7796973 0.9444444
hs3 184031544 184039369 0.9444444
hsX 107713221 107777342 0.9438202
hs17   7613946   7633383 0.9438202
hs1 213983181 214041502 0.9438202
hs11  56030419  56031393 0.9438202
hs11  56490435  56491370 0.9438202
hs12  85800697  85836570 0.9438202
hs19  39731250  39738028 0.9431818
hs20  63587602  63627041 0.9431818
hs2 201233443 201287711 0.9347826
hs2 219569162 219575713 0.9340659
hs17  33013087  34174964 0.9340659
hs19  51752026  51770526 0.9340659
hs18   3496032   4455335 0.9340659
hs16  20031485  20073917 0.9340659
hs7 136868669 137020255 0.9340659
hs11  73264505  73298617 0.9340659
hs4  81030965  81057531 0.9340659
hsX  50910784  50916607 0.9340659
hsX  78271464  78327691 0.9340659
hs2  74654228  74683853 0.9340659
hs19  41301587  41353911 0.9340659
hs12  69643360  69699476 0.9340659
hs2 190055697 190062729 0.9340659
hs14  75958099  75982991 0.9340659
hs3  42804752  42887974 0.9340659
hs20  45888625  45891287 0.9340659
hs18  24460629  24479957 0.9340659
hs10  93566665  93604480 0.9340659
hs17  27629798  27649560 0.9340659
hs14  24305734  24312053 0.9340659
hs10  70432315  70447951 0.9340659
hs3  46163604  46266706 0.9340659
hs4 156760454 156971394 0.9340659
hs4 147480917 147544954 0.9340659
hs2 218125289 218137253 0.9340659
hs5  76716043  76735781 0.9340659
hs5 151661096 151687165 0.9340659
hs12  57434760  57450828 0.9340659
hs18  60371110  60372775 0.9340659
hs9    841690    969090 0.9340659
hs11  73218298  73236352 0.9340659
hs14  59429022  59465342 0.9340659
hs11  59503576  59504511 0.9340659
hs4 150581922 150584693 0.9340659
hs13  35474182  35477209 0.9340659
hs1 247451029 247451982 0.9340659
hs6  29086307  29087313 0.9340659
hs1 248573801 248574757 0.9340659
hs7 144318125 144319057 0.9340659
hs7 144318125 144319057 0.9340659
hs7 144318125 144319057 0.9340659
hs7 144318125 144319057 0.9340659
hs7 144318125 144319057 0.9340659
hs7 144318125 144319057 0.9340659
hs7 144318125 144319057 0.9340659
hs7 144318125 144319057 0.9340659
hs9 122567548 122568477 0.9340659
hs9 122553112 122555173 0.9340659
hs11   7927633   7928662 0.9340659
hs1 248272852 248273814 0.9340659
hs9 104617248 104618204 0.9340659
hs9 104598457 104599413 0.9340659
hs11  55773438  55774382 0.9340659
hsX 131544074 131545000 0.9340659
hs14  20014260  20015193 0.9340659
hs9  35869263  35870601 0.9340659
hs14  20117407  20118438 0.9340659
hs7 143026158 143027195 0.9340659
hs11 124569997 124571142 0.9340659
hs14  19975444  19976659 0.9340659
hs14  19876232  19877309 0.9340659
hs6  29306690  29307655 0.9340659
hs17  58169656  58170579 0.9340659
hs6  29425504  29457071 0.9340659
hs17  58155133  58156156 0.9340659
hs11  75088713  75089754 0.9340659
hs11  59477373  59478396 0.9340659
hs9 104604671 104605627 0.9340659
hs7 144129058 144130069 0.9340659
hs19  15728020  15729060 0.9340659
hs19  15807003  15808126 0.9340659
hs1 248473351 248474307 0.9340659
hs11  55603354  55604398 0.9340659
hs7 144109514 144110564 0.9340659
hs1  44783585  44787705 0.9340659
hs2 219514170 219538772 0.9340659
hs14  55027230  55049488 0.9340659
hs10  47300386  47313547 0.9340659
hs11  67506497  67508649 0.9340659
hs14  31482964  31487945 0.9340659
hs6  29587455  29589038 0.9340659
hs12  55743280  55757278 0.9340659
hs4  87473335  87531061 0.9340659
hs1  28147166  28193936 0.9340659
hs1 159313670 159314659 0.9340659
hs9    976964    991731 0.9340659
hs11  55367884  55368918 0.9340659
hs12  55636860  55637854 0.9340659
hsX  28587399  29956723 0.9340659
hs3  46017024  46027742 0.9340659
hs3  46407163  46412997 0.9340659
hs2  68865481  68871517 0.9340659
hs1 248681369 248682304 0.9340659
hs12  55452214  55453152 0.9340659
hs12  57452323  57459280 0.9340659
hs2 236567787 236582358 0.9340659
hs2 102064544 102179874 0.9340659
hs11  60850940  60855971 0.9340659
hs4   9781680   9784009 0.9340659
hs4   9781680   9784009 0.9340659
hs18  13824155  13826743 0.9340659
hs11  56700388  56701305 0.9340659
hs14  88005124  88014811 0.9340659
hs3  45940933  45948353 0.9340659
hs14 105049389 105065445 0.9340659
hs19  51491357  51501789 0.9340659
hs3 172445133 172448456 0.9340659
hs6   7726797   7881422 0.9340659
hs8 123497889 123541206 0.9333333
hs3 112332347 112362812 0.9333333
hs12  56079857  56103505 0.9333333
hs16  30833626  30894960 0.9333333
hs1 248387609 248388535 0.9333333
hs1 248649931 248650884 0.9333333
hs1 248294616 248295578 0.9333333
hs11  56612555  56613502 0.9333333
hs11  56576774  56577721 0.9333333
hs11  56417258  56418232 0.9333333
hs11  56122373  56123311 0.9333333
hs11  58402464  58403409 0.9333333
hs9 104535749 104536856 0.9333333
hs17   3432870   3433841 0.9333333
hs19  15741393  15742343 0.9333333
hs6  27911185  27912396 0.9333333
hsX  41724155  41730135 0.9333333
hs11 124440126 124441158 0.9333333
hs20  31968002  32003387 0.9333333
hs19  44846175  44889228 0.9333333
hs9   6328375   6331900 0.9333333
hs9 111327483 111328520 0.9333333
hs1 159854316 159862657 0.9333333
hs6  29373423  29375291 0.9333333
hs2 230907318 230961066 0.9333333
hs6  29111891  29112826 0.9333333
hs1 159439722 159440811 0.9333333
hs9 124777158 124814885 0.9325843
hs1 113979391 113982254 0.9325843
hs1 224114087 224162047 0.9325843
hs11  55638358  55639296 0.9325843
hs11 124249676 124250611 0.9325843
hs1 247530132 247533839 0.9325843
hs16  66614750  66696707 0.9325843
hs8  17576433  17644071 0.9325843
hs17   7705202   7711378 0.9325843
hs10  68827541  68895432 0.9325843
hs22  37675608  37679806 0.9325843
hs18   9334767   9402420 0.9318182
hs11   8947294   8965011 0.9318182
hs17  45894382  46028334 0.9318182
hs17  66964910  67033398 0.9318182
hs9  74497365  74693177 0.9239130
hs5 175440039 175444208 0.9239130
hs7  84995553  85186855 0.9239130
hs7 141918817 141919909 0.9239130
hs19  42247572  42255157 0.9239130
hs4  67739328  67754360 0.9239130
hs1  22117305  22143969 0.9239130
hs9  89360787  89498130 0.9239130
hs10  47322490  47326270 0.9239130
hs2 156324432 156342348 0.9239130
hs11   6785038   6785988 0.9239130
hs18  48919853  48950711 0.9239130
hs2 201182881 201229406 0.9239130
hs19  51745172  51804110 0.9239130
hs4  26481400  26490462 0.9239130
hs19  18868545  18896727 0.9239130
hs19  18868545  18896727 0.9239130
hs17  43527844  43579620 0.9239130
hs19  17231883  17245940 0.9239130
hs13  48389567  48444704 0.9239130
hs15  71792638  71818259 0.9239130
hs6  88139864  88166359 0.9239130
hs20  57168748  57266629 0.9239130
hs1  19665287  19679562 0.9239130
hs2 120346143 120351808 0.9239130
hs1  54007299  54018186 0.9239130
hs5 132861181 132866884 0.9239130
hs3  27715949  27722711 0.9239130
hs15  39799023  39920892 0.9239130
hs4 139028112 139177218 0.9239130
hs3 114128652 114199407 0.9239130
hs12 114670254 114684164 0.9239130
hs17  46833201  46886730 0.9239130
hs3 139452884 139480747 0.9239130
hs13  48653711  48711226 0.9239130
hs19  51450847  51458456 0.9239130
hs19  16888860  16892606 0.9239130
hs10 118589989 118595699 0.9239130
hs3  46201709  46208396 0.9239130
hs1  31365625  31376850 0.9239130
hs7  19144782  19145421 0.9239130
hs1 151806071 151831872 0.9239130
hs16  23278231  23381299 0.9239130
hs3  13816258  13880121 0.9239130
hs19  10223844  10231272 0.9239130
hs19  47290023  47322066 0.9239130
hs3  11137093  11263557 0.9239130
hsX  16123556  16153021 0.9239130
hs2 206175316 206218047 0.9239130
hs5  40679498  40693735 0.9239130
hs2 132416574 132646559 0.9239130
hs11 113409615 113475691 0.9239130
hs20  62214970  62220267 0.9239130
hs1  23191895  23194729 0.9239130
hs14  96204679  96244166 0.9239130
hs1 109539872 109548406 0.9239130
hs18  51028394  51085045 0.9239130
hs1 101236888 101241518 0.9239130
hs3  46353734  46360928 0.9239130
hs6 108166058 108188809 0.9239130
hs6 109978256 109980718 0.9239130
hs2 231108230 231125118 0.9239130
hs11 128458761 128587558 0.9239130
hs3 151873643 151884619 0.9239130
hs3 151294103 151316952 0.9239130
hs8  31639386  32765040 0.9239130
hs5 143277931 143435512 0.9239130
hs9 134317098 134440585 0.9239130
hs17  40553769  40565472 0.9239130
hs6  86937306  87016683 0.9239130
hs17  40058290  40093867 0.9239130
hs12  53210567  53232980 0.9239130
hs3   8750408   8769628 0.9239130
hs5  76615482  76623434 0.9239130
hs1 216503246 217137755 0.9239130
hs6 133889138 133895553 0.9239130
hs15  67063763  67195195 0.9239130
hs15  96325938  96340263 0.9239130
hs13  46831550  46897076 0.9239130
hs11  62908679  62921807 0.9239130
hs7  13891228  13991425 0.9239130
hs19   4542593   4559808 0.9239130
hs16  89912119  89920977 0.9239130
hs6 151656691 152129619 0.9239130
hs14  96255824  96268967 0.9239130
hs15  60488284  61229319 0.9239130
hs7 151048292 151052756 0.9239130
hs6  35342558  35428191 0.9239130
hs6  34537802  34556333 0.9239130
hs19  50329653  50382982 0.9239130
hs2 136114349 136118165 0.9239130
hs14  64084232  64338112 0.9239130
hs8  53225716  53251697 0.9239130
hs1  68098473  68233120 0.9239130
hsX 114584078 114910061 0.9239130
hs9  91409045  91423862 0.9239130
hs11  34621093  34661057 0.9239130
hs6 166157656 166168700 0.9239130
hs12  63142759  63150942 0.9239130
hs19  47332147  47347327 0.9239130
hs1 200027602 200177424 0.9239130
hs1  15490832  15526534 0.9239130
hsX 100627109 100639991 0.9239130
hs20   6767664   6780280 0.9239130
hs5  33936386  33938237 0.9239130
hsX 154257538 154271805 0.9239130
hsX 154257538 154271805 0.9239130
hsX 154257538 154271805 0.9239130
hsX 154257538 154271805 0.9239130
hsX 154257538 154271805 0.9239130
hsX 154257538 154271805 0.9239130
hsX 154257538 154271805 0.9239130
hsX 154257538 154271805 0.9239130
hsX 154257538 154271805 0.9239130
hsX 154257538 154271805 0.9239130
hsX 154257538 154271805 0.9239130
hsX 154257538 154271805 0.9239130
hs11  55554307  55555419 0.9239130
hs9 122628579 122629535 0.9239130
hs1 248361581 248362627 0.9239130
hs11  59514913  59515857 0.9239130
hs11   6767987   6769055 0.9239130
hs6  47781982  47832780 0.9239130
hs6  29457181  29464328 0.9239130
hs19  35443907  35451767 0.9239130
hs9  35957139  35958098 0.9239130
hs11  54706885  54707832 0.9239130
hs19  50770464  50771732 0.9239130
hs9 122519141 122520082 0.9239130
hs6 132552693 132553721 0.9239130
hs11   6920974   6922043 0.9239130
hs7 144074182 144075195 0.9239130
hs20  64105820  64107171 0.9239130
hs1 174448111 174449198 0.9239130
hs1 155941710 155942949 0.9239130
hs6 132538290 132539336 0.9239130
hs8  52938431  52941117 0.9239130
hs1  39757182  39788861 0.9239130
hs1  39757182  39788861 0.9239130
hs1  39757182  39788861 0.9239130
hs1  39757182  39788861 0.9239130
hs1  39757182  39788861 0.9239130
hs1  39757182  39788861 0.9239130
hs1  39757182  39788861 0.9239130
hs1  39757182  39788861 0.9239130
hs1 168079543 168137667 0.9239130
hs19  12751702  12758458 0.9239130
hs17  42678889  42683917 0.9239130
hs19  45589764  45602208 0.9239130
hs1 151131685 151146664 0.9239130
hs11  76186325  76210736 0.9239130
hsX  78945332  78961954 0.9239130
hs2  68467561  68655576 0.9239130
hs2  68467561  68655576 0.9239130
hsX 104566315 105767829 0.9239130
hs12  94567124  94650562 0.9239130
hs12  96194382  96269835 0.9239130
hs3 111070071 111275563 0.9239130
hs12   6618835   6636447 0.9239130
hs1 157092044 157099808 0.9239130
hs19  51795163  51826189 0.9239130
hs1  32209094  32216196 0.9239130
hs7  35202430  35254147 0.9239130
hs22  41205205  41231271 0.9239130
hs7 155070324 155085749 0.9239130
hs19  41844743  41852333 0.9239130
hsX   1462572   1537107 0.9239130
hs20  64080173  64100643 0.9239130
hs11 103907186 104164379 0.9239130
hs15  77041404  77083984 0.9239130
hs8  71841549  71844468 0.9239130
hs12 101475421 101486997 0.9239130
hs19   8302127   8308356 0.9239130
hsX  41688973  41697277 0.9239130
hs6  36354642  36387800 0.9239130
hs13  96985719  96994730 0.9239130
hs2  20666664  20673658 0.9239130
hs9  22446841  22455740 0.9239130
hs3 119173517 119205153 0.9239130
hs5 116443616 116574934 0.9239130
hs1 165400917 165445355 0.9239130
hs4 121329312 121381059 0.9239130
hs1  53459399  53467488 0.9239130
hs12  56994446  56996684 0.9239130
hs6  96794126  96837463 0.9239130
hs5 138083892 138092365 0.9239130
hs3  71754050  71756496 0.9239130
hs4   8558725   8619761 0.9239130
hs22  40678750  40682814 0.9239130
hs6  55753645  55875564 0.9239130
hs6 132617022 132624275 0.9239130
hs2 127645864 127652639 0.9239130
hs1  31617686  31632518 0.9239130
hsX 130384440 130385447 0.9239130
hs9  38408994  38424447 0.9239130
hsX  80014756  80031769 0.9239130
hs18  13882044  13915707 0.9239130
hs2 231523160 231530495 0.9239130
hs11   6259736   6272127 0.9239130
hs13  49220338  49222377 0.9239130
hs2 101991844 102028544 0.9239130
hs12   8058302   8066471 0.9239130
hs17  61452404  61485110 0.9239130
hs6  99919910  99994247 0.9239130
hs15  66702228  66782848 0.9239130
hs22  45920362  45977129 0.9239130
hs2  65310851  65432637 0.9239130
hs10  46461099  46465881 0.9239130
hs10  46461099  46465881 0.9239130
hs6  55106460  55282620 0.9239130
hs20  56248732  56249815 0.9239130
hs3  52433053  52445085 0.9239130
hs6 132644984 132646003 0.9239130
hs6 137492202 137494250 0.9239130
hs1 202122858 202133592 0.9239130
hs1  34865436  34929585 0.9239130
hs8  26748150  26867273 0.9239130
hs19  35358460  35360485 0.9239130
hs21  17512382  17593579 0.8888889
hs17  40922696  40937634 0.8602151
hs19   6463777   6467221 0.8876404
hs19  12953119  12957236 0.7659574
hs9 133514586 133528612 0.8735632
hs19  39602501  39607476 0.9222222
hs3 119524293 119559602 0.8750000
hs5  72107234  72209570 0.7256637
hs12 125186836 125662377 0.9101124
hs8 143857324 143878464 0.8636364
hs22  39223359  39244751 0.9204545
hs6  31588895  31592985 0.7209302
hs3  21418419  22373321 0.7090909
hs5 134402087 134411898 0.8241758
hs6 112054072 112070969 0.8139535
hs1  85580761  85583962 0.8681319
hs6  26365159  26378320 0.8977273
hs2 102311502 102352037 0.8651685
hs1 147541412 147626216 0.8735632
hs14 104474678 104605647 0.8735632
hs8  41645178  41650669 0.9080460
hs5 180988845 181006727 0.8089888
hs4   2625261   2732565 0.7700000
hs20  34696918  34825649 0.8636364
hs11  96352769  96389923 0.6698113
hs16    636817    648474 0.8777778
hs11  94706431  94876753 0.7373737
hs1    966497    975865 0.8522727
hs14  20999255  21001871 0.5625000
hs19   1286154   1300237 0.9111111
hs1 112396181 112463456 0.7321429
hs16   2911937   2951208 0.5697674
hs6  99398051  99425331 0.8571429
hs11  22813799  22830299 0.6395349
hs3 161344792 161372880 0.7227723
hs19  17719242  17734516 0.7864078
hs19  53909335  53943941 0.9213483
hs1 153606886 153613145 0.7978723
hs18  49477250  49492565 0.8390805
hs17   7014495   7017525 0.8404255
hs10  96191702  96271587 0.9111111
hs16  89696343  89701705 0.8735632
hs10  30611779  30629762 0.8191489
hs16  57248547  57284687 0.8390805
hs20  36777442  36863686 0.8421053
hs6 130365734 130443063 0.7888889
hs17  29566052  29573157 0.6551724
hs19  38990714  39032785 0.6456693
hs19  31274945  31349547 0.8988764
hs14  34432789  34462356 0.6952381
hs19  49591643  49626439 0.8163265
hs7 99448475 99466331 1
