hs1 150293720 150308979 0.3440000
hs16  21952660  21983660 0.5240310
hs17  17977409  18039209 0.5109649
hs10  69180232  69209099 0.5071685
hs1  11066618  11099881 0.5063694
hs7  25120091  25125361 0.5055147
hs2  37231631  37253403 0.4892368
hs7    549197    727650 0.4823349
hs2 218274192 218292586 0.4802260
hs7 107044649 107161811 0.4794953
hs8  12721894  12756073 0.4756098
hs7  78017057  79453574 0.4742547
hs9 137306896 137423262 0.4741379
hs8  86553977  86743675 0.4734918
hs9 133351755 133356676 0.4730290
hs3  65353525  66038834 0.4652062
hs2  96266132  96273349 0.4604569
hs19  29205321  29213541 0.4602941
hs7 139777051 140020325 0.4600000
hs19  15672757  15697174 0.4586093
hs9  76385517  76394517 0.4580726
hs19  15878023  15898120 0.4560531
hsX 118974614 119018355 0.4559068
hs17  68511780  68551319 0.4557522
hs21  33903453  33915980 0.4554839
hs7  99828013  99866102 0.4552980
hs5  77029251  77065234 0.4533582
hs16  57447425  57461275 0.4531250
hs8  25427847  25458476 0.4527027
hs7  98877933  99013243 0.4526749
hs7    983199    989640 0.4525424
hs8  64587763  64798761 0.4520796
hs1 155277583 155289848 0.4520548
hs8  42849637  42897290 0.4514170
hs19  15912367  15934867 0.4501661
hs8 100157906 100259278 0.4500818
hs19    589893    617159 0.4492063
hs14  77672404  77708020 0.4487705
hs5 140664676 140674124 0.4480287
hs5 160009113 160065543 0.4478632
hs2  72129238  72148038 0.4478114
hs1   9234775   9271337 0.4477612
hs16  71281389  71289715 0.4477612
hs11  18529609  18588747 0.4467787
hs3 122412332 122416051 0.4466667
hs6  44113454  44127457 0.4459459
hs3  48744597  48847846 0.4452450
hs20   5126786   5197887 0.4448357
hs2 201644870 201698694 0.4448316
hs14  67241109  67335819 0.4444444
hs10   5498697   5499555 0.4431599
hs12 102073103 102120124 0.4429400
hs10 103367967 103389065 0.4425676
hs3  25782917  25794534 0.4423529
hs12 123232916 123257959 0.4417532
hs16   4354542   4425705 0.4408015
hs6  37353972  37394738 0.4404040
hs7 103297422 103329511 0.4401914
hs11  61430042  61447529 0.4401806
hs16  72093562  72112912 0.4401773
hs13  41216369  41263577 0.4400000
hs16  69131291  69231130 0.4399261
hs11  66257294  66267860 0.4397993
hs12  53299686  53307177 0.4397463
hs2 110732573 111118222 0.4397163
hs15  40952962  40956519 0.4396728
hs22  37658727  37666934 0.4394813
hs3 129440036 129520507 0.4386617
hs17  67070438  67245989 0.4384236
hs17  45023340  45061109 0.4383721
hs1  43358955  43363203 0.4382826
hs2 202874782 203014798 0.4380610
hs4  10074339  10116949 0.4380454
hs3  48599002  48610976 0.4378770
hs4   8366282   8440723 0.4378613
hs14  90396502  90408261 0.4377510
hs14  90396502  90408261 0.4377510
hs14  90396502  90408261 0.4377510
hs14  90396502  90408261 0.4377510
hs14  90396502  90408261 0.4377510
hs14  90396502  90408261 0.4377510
hs14  90396502  90408261 0.4377510
hs14  90396502  90408261 0.4377510
hs14  90396502  90408261 0.4377510
hs14  90396502  90408261 0.4377510
hs14  90396502  90408261 0.4377510
hs14  90396502  90408261 0.4377510
hs14  90396502  90408261 0.4377510
hs14  90396502  90408261 0.4377510
hs14  90396502  90408261 0.4377510
hs14  90396502  90408261 0.4377510
hs14  90396502  90408261 0.4377510
hs14  90396502  90408261 0.4377510
hs14  90396502  90408261 0.4377510
hs14  90396502  90408261 0.4377510
hs14  90396502  90408261 0.4377510
hs14  90396502  90408261 0.4377510
hs14  90396502  90408261 0.4377510
hs14  90396502  90408261 0.4377510
hs14  90396502  90408261 0.4377510
hs14  90396502  90408261 0.4377510
hs14  90396502  90408261 0.4377510
hs2 238170401 238203729 0.4372760
hs19   2977446   2995184 0.4372549
hs2 203238449 203305840 0.4370504
hsX  53374149  53422728 0.4370370
hs6 152987362 153002685 0.4369266
hs16   2155698   2178129 0.4367201
hs19  12688053  12696643 0.4366730
hs19  49635292  49640201 0.4365385
hs22  19330698  19447450 0.4363636
hs21  44107290  44131181 0.4363002
hs20  13849247  13996443 0.4362205
hs15  59206823  59208515 0.4361979
hs11   6680782   6683401 0.4360465
hs10  49734643  49762379 0.4358621
hs14  24114195  24125242 0.4357143
hs6  10694695  10709782 0.4357143
hs2  74483073  74494886 0.4356261
hs1  31259568  31296782 0.4355932
hs5  10564330  10650196 0.4355109
hs3 113286930 113441610 0.4354528
hs19   1876810   1885547 0.4353846
hs19   1876810   1885547 0.4353846
hs1 111439890 111449376 0.4353370
hs1 162561506 162599842 0.4353183
hs3 108907792 108953895 0.4353183
hsX 118346073 118449961 0.4352720
hs6  78935867  79078236 0.4352518
hs15  63608618  63833942 0.4352518
hs12  47661249  47706061 0.4351145
hs3  39051998  39096671 0.4350877
hs9  26904083  26947463 0.4350181
hs3  53812335  53846390 0.4350087
hs8 101686543 102124907 0.4349593
hs11 126202094 126211692 0.4349315
hs5  77425970  77620611 0.4347826
hs1  54715822  54742657 0.4347826
hs11  65180566  65212006 0.4346895
hs1 207034366 207081024 0.4346154
hs10   6144934   6235545 0.4344371
hs3 129278828 129306186 0.4344262
hs1 223701593 223776018 0.4344086
hs9  81583683  81689305 0.4343972
hs6 135283532 135497776 0.4343808
hs1 167935783 168075843 0.4343434
hs10   5524009   5526771 0.4340000
hs17  59565525  59608345 0.4338782
hs10 110567691 110604636 0.4338061
hs10  87659613  87747705 0.4337176
hs1 175010789 175023425 0.4336918
hs17  35128753  35142315 0.4336134
hs15  78277835  78299794 0.4336000
hs19  48445773  48457022 0.4335793
hs2 196967017 197311173 0.4335260
hs3  10293131  10321178 0.4333959
hs5  37379212  37753435 0.4333333
hs5 138187648 138213343 0.4333333
hs16    684622    690444 0.4333333
hs22  40824535  40857022 0.4332784
hs3 139355600 139389732 0.4331551
hs15  70047790  70098176 0.4330986
hs1 205086142 205122015 0.4330855
hs11  77066932  77126155 0.4330357
hs12 118032694 118062430 0.4329897
hs3 177019355 177197473 0.4329372
hs4 147637785 147684230 0.4328859
hs9 101591615 101595001 0.4326531
hs6 106629578 106668417 0.4326484
hs11  73876699  73927745 0.4326241
hs14  20365667  20413429 0.4325260
hs5 140401814 140539856 0.4325109
hs12 103587273 103766727 0.4324818
hs20  35302566  35412141 0.4324324
hs5 115520908 115544894 0.4323529
hs20  38962299  39039723 0.4323529
hs6 136822564 136913937 0.4321881
hs17   5440912   5469060 0.4321534
hs4 151670504 151761023 0.4321133
hs14  69050881  69153150 0.4320755
hs17  81703357  81707526 0.4320513
hs2 233210051 233295674 0.4320138
hs2   3188925   3377882 0.4319527
hs20  57351010  57379211 0.4319419
hs3  52254421  52288020 0.4318996
hs1 224385143 224437033 0.4318584
hs4 124664052 124712732 0.4318508
hs14  77800083  77935012 0.4317897
hs10 125836337 125896436 0.4317507
hs21  36385378  36419015 0.4316547
hs2  36843640  36966472 0.4316163
hs14  69191511  69244020 0.4315789
hs1 175944831 176207493 0.4314442
hs21  44328944  44339402 0.4313305
hs12 120461668 120469793 0.3039014
hs12 120461668 120469793 0.3039014
hs6  30617709  30626395 0.4366472
hs10  73110375  73131828 0.3658537
hs17  48892765  48895871 0.9671717
hs12  53632726  53677408 0.9588689
hs9 136410570 136423761 0.5207668
hs10  99711844  99732100 0.5207469
hs5  53560633  53683340 0.5000000
hs19   7926718   7943920 0.4913043
hs11   6234765   6244429 0.4847397
hs2  98346155  98398601 0.4761905
hsX 151738451 151745304 0.4731801
hs15  51208057  51338610 0.4677138
hs4  47935977  48016672 0.4652015
hs19   1241746   1244826 0.4651852
hs10 133379234 133391694 0.4647619
hs19  41088472  41096195 0.4639175
hs19  40843538  40882210 0.4632479
hs2 100273291 100322733 0.4626866
hs19  15508493  15552317 0.4624573
hs19  40875439  40882752 0.4624573
hs15  74337759  74367740 0.4619289
hs8 142872356 142879846 0.4614094
hs1  47023568  47050751 0.4604811
hs10 102830531 102837533 0.4601019
hs10 133520406 133561220 0.4596913
hs8 142910559 142917843 0.4595960
hs6 108294894 108526796 0.4593698
hs10  95036772  95069497 0.4593220
hs1  46757838  46819413 0.4586847
hs19  41193049  41207539 0.4584041
hs6  32038265  32041670 0.4583333
hs10  94762624  94853260 0.4582624
hs7  92112151  92142952 0.4581197
hs10  94938658  94989390 0.4576271
hs10   7788129   7807815 0.4575866
hs12  49866896  49904217 0.4575290
hs2  99318982  99340702 0.4574780
hs10  94683621  94736190 0.4573379
hs12  57762334  57768986 0.4568106
hs19  40991299  41018398 0.4567063
hs2 218781749 218815293 0.4566667
hs1 153678637 153693992 0.4565868
hs14  99684304  99727301 0.4564103
hs10  93073475  93077890 0.4562290
hs10  93060808  93069536 0.4561102
hs9  35792154  35809732 0.4560907
hs1  47137435  47149741 0.4556314
hs1  47137435  47149741 0.4556314
hs1  47137435  47149741 0.4556314
hs1  47137435  47149741 0.4556314
hs1  47137435  47149741 0.4545455
hs1  47137435  47149741 0.4545455
hs1  47137435  47149741 0.4545455
hs1  47137435  47149741 0.4545455
hs4 186191520 186213456 0.4556114
hs7  99684679  99735196 0.4552980
hs7  99684679  99735196 0.4552980
hs7  99684679  99735196 0.4552980
hs7  99684679  99735196 0.4552980
hs7  99684679  99735196 0.4519868
hs7  99684679  99735196 0.4519868
hs7  99684679  99735196 0.4519868
hs7  99684679  99735196 0.4519868
hs19  15615617  15662825 0.4551495
hs12  14612632  14696585 0.4550562
hs19  15615218  15630638 0.4550000
hs17   8002594   8020339 0.4546805
hs2 127184120 127220078 0.4545455
hs22  42126499  42130906 0.4536256
hs22  42126499  42130906 0.4536256
hs22  42126499  42130906 0.4536256
hs22  42126499  42130906 0.4536256
hs22  42126499  42130906 0.4543919
hs22  42126499  42130906 0.4543919
hs22  42126499  42130906 0.4543919
hs22  42126499  42130906 0.4543919
hs19  41114432  41128366 0.4542373
hs20  54153449  54173973 0.4542373
hs15  74748844  74756202 0.4539363
hs2  38066973  38109902 0.4539130
hs9 134135365 134159968 0.4537954
hs1  59893308  59926790 0.4537815
hs1 171314208 171342084 0.4534884
hs4 107931369 107953457 0.4531773
hs11  14877440  14892252 0.4530201
hs12   4649095   4694317 0.4528594
hs20  25294743  25390983 0.4518828
hs1  47067488  47118319 0.4517766
hs2  69395750  69437628 0.4515670
hs8  94895767  95116455 0.4514991
hs13  52652709  52700909 0.4513274
hs11  61873519  61892051 0.4512635
hs7  99756960  99784265 0.4512397
hs1 113390749 113685923 0.4510533
hsX 109372906 109482072 0.4507628
hs9 124853417 124857890 0.4503311
hs7  99648194  99679998 0.4497529
hs5 154887416 154938209 0.4494382
hs18   9102630   9134345 0.4492350
hs5  45259247  45696151 0.4491115
hs6  46549580  46652830 0.4486957
hs15  74719542  74725610 0.4483333
hs20  44942130  44960486 0.4478632
hs19  17511629  17521288 0.4478442
hs15  88636153  88656483 0.4474638
hs11  74171099  74254703 0.4471429
hs4  84582979  84651338 0.4466589
hs6  32168212  32178096 0.4465786
hs16  57735730  57757250 0.4464883
hs3  52075253  52154690 0.4462810
hs8  58490178  58500236 0.4460432
hs22  27978014  28679865 0.4459834
hs8 143990058 143993415 0.4457627
hs2 241675742 241686991 0.4447301
hs8 144095027 144097525 0.4444444
hs2  10302889  10427617 0.4444444
hs12  89419718  89526024 0.4444444
hs11  61799625  61829318 0.4442413
hs6  34288770  34426048 0.4441219
hs11  62602218  62612765 0.4436229
hs17  54951902  54968785 0.4435946
hs1  32885994  32898441 0.4433198
hs16    367384    370527 0.4431818
hs1 228139962 228148984 0.4429066
hs1  43172149  43254358 0.4428044
hsX 154778684 154821007 0.4427746
hs12  50103819  50111319 0.4427391
hs3  32105689  32168713 0.4427391
hs10  28050993  28334486 0.4426419
hs15  73319859  73369264 0.4422764
hsX  96684663  97604997 0.4419087
hs2  53767792  53775196 0.4417671
hs2 152335237 152649834 0.4412371
hs1 171185208 171211230 0.4412238
hs3 127689062 127823250 0.4412137
hs17  43875357  43909711 0.4410735
hs7  24573268  24694193 0.4408353
hs16    649311    667833 0.4408015
hs1  23019448  23083689 0.4403670
hs3  47413694  47477126 0.4402985
hs17   2689386   2712663 0.4401623
hsX 154531391 154547572 0.4401114
hs5  55112995  55173175 0.4399261
hs17  43800799  43833170 0.4399067
hs2 240479422 240569209 0.4398564
hsX  70444861  70505490 0.4397661
hs1  51789191  51878937 0.4396442
hs9  21967753  21995301 0.4392015
hs16   4340251   4420494 0.4392015
hs7 134127299 134264591 0.4391101
hs16  23581002  23596356 0.4389087
hs9 120751978 120793412 0.4386282
hs11 110429883 110464881 0.4386252
hs11  68052859  68121444 0.4382979
hs12  96907223  96953777 0.4382022
hs7  44606572  44709066 0.4382022
hs19   3506273   3538330 0.4380610
hs7 108470422 108569666 0.4380165
hs17  34980494  35009743 0.4379786
hs3  42856005  42876165 0.4378479
hs17   7189890   7219702 0.4377934
hs4  95840019  95841474 0.4377312
hs13  43023203  43114224 0.4377224
hs2 174072447 174248698 0.4377143
hs4 176065834 176182818 0.4376130
hs3 160399274 160434962 0.4373464
hs12  21635342  21757857 0.4372523
hs8 144262102 144291370 0.4371482
hs22  45344063  45413619 0.4369645
hs18  57548283  57586772 0.4369311
hs2 208236227 208266074 0.4368132
hs1 241652278 241802133 0.4366730
hs19  45606994  45645629 0.4365942
hs8 120380761 120445402 0.4364261
hs1 171248471 171285978 0.4363354
hs2  28894643  28948222 0.4363296
hs14  99737693  99942060 0.4362292
hs17  74862497  74873031 0.4362245
hs3   3126916   3150879 0.4361949
hs12 107685732 107713167 0.4360902
hs11  64185272  64204543 0.4360795
hs22  37019635  37029822 0.4360056
hs2 190189735 190344193 0.4357683
hs4  25747427  25863760 0.4357639
hsX  43766611  43882447 0.4356568
hs2 238426742 238452250 0.4356287
hsX  15235288  15270467 0.4355083
hs6  42155406  42180056 0.4354839
hs4  73073376  73258798 0.4352774
hs1 117929720 117966542 0.4352332
hs2  85539165  85545280 0.4349827
hs18  56651343  57036606 0.4349442
hs2 172555373 172608669 0.4348925
hs8  54135210  54147901 0.4346821
hs3 197042560 197299300 0.4346290
hs1 235661041 235883640 0.4346154
hs14  59188646  59371405 0.4345114
hs10  80271820  80289684 0.4344828
hs16    784974    788397 0.4344356
hs4  84669610  84966391 0.4343629
hs13  51584455  51767707 0.4343066
hs2 197499994 197503457 0.4339839
hs11  67518912  67523428 0.4338843
hs1 151770107 151791416 0.4338086
hs19  48115445  48170603 0.4337900
hs17   2593210   2685615 0.4336735
hs11  60890730  60906588 0.4336735
hs6   4115689   4135597 0.4335840
hs19  16719976  16817963 0.4335155
hs1 230747384 230802003 0.4334764
hs14  30893799  31026401 0.4334532
hs4 153152342 153339320 0.4332192
hs18  23598926  23662885 0.4331395
hs4  88257620  88284769 0.4331307
hs12  41188448  41574590 0.4331210
hs11  47214465  47239240 0.4330855
hs16   1972037   1982933 0.4330435
hs19  18097793  18151692 0.4329897
hs1 160215715 160262531 0.4329502
hs20  32858923  32961609 0.4328657
hs20  32858923  32961609 0.4328657
hs16  30182827  30189076 0.4328358
hs15  51447711  51622833 0.4328358
hs19   8697397   8698822 0.4328358
hs6  89433170  89633834 0.4327485
hs2 159235793 159286799 0.4327087
hsX  24465221  24539837 0.4326923
hs20  20034368  20056046 0.4326531
hs11  18412307  18452058 0.4326425
hs17  51260528  51297936 0.4325323
hs13 108207439 108218368 0.4325153
hs16  21233665  21253845 0.4323899
hs11  83455012  85627922 0.4323353
hs2 102473303 102533972 0.4321908
hs1 200969390 201023700 0.4321881
hs6 166364919 166383013 0.4321267
hs16   2211997   2214807 0.4320242
hs19  46719507  46746994 0.4318996
hs17  27294076  27313631 0.4318937
hs14  54938950  55027105 0.4318618
hs5 119037772 119249138 0.4318182
hs19  10310045  10316015 0.4317460
hs4  82818661  82901166 0.4316832
hs15  40569300  40574943 0.4316384
hs12  66135846  66170072 0.4315476
hs22  50578949  50601455 0.4315353
hs3 167478684 167653983 0.4315197
hs13 108596152 109208007 0.4314024
hs7  95583499  95596491 0.4313472
hs8  87870743  87874068 0.4313346
hsX  27590382  27748821 0.4313346
hs6  44158811  44184402 0.4313305
hs2 175176258 175184607 1
