hs1 150293720 150308979 0.3455285
hs2 175176258 175184607 0.9588689
hs17  17977409  18039209 0.5156250
hs16  21952660  21983660 0.5155763
hs7  25120091  25125361 0.5121495
hs10  69180232  69209099 0.4972973
hs2  37231631  37253403 0.4960159
hs1  11066618  11099881 0.4928230
hs2 218274192 218292586 0.4837476
hs9 133351755 133356676 0.4799154
hs7    549197    727650 0.4783282
hs7 107044649 107161811 0.4753577
hs8  86553977  86743675 0.4740741
hs8  12721894  12756073 0.4710018
hs9 137306896 137423262 0.4670139
hs7  78017057  79453574 0.4626866
hs19  29205321  29213541 0.4606241
hs16  57447425  57461275 0.4568182
hsX 118974614 119018355 0.4562290
hs2  96266132  96273349 0.4556738
hs7 139777051 140020325 0.4530201
hs1 155277583 155289848 0.4523397
hs8  42849637  42897290 0.4517454
hs17  68511780  68551319 0.4517088
hs19  15878023  15898120 0.4515050
hs16  71281389  71289715 0.4511931
hs7  99828013  99866102 0.4507513
hs3  65353525  66038834 0.4504505
hs11  61430042  61447529 0.4503464
hs8 100157906 100259278 0.4503311
hs8  64587763  64798761 0.4497258
hs19  15672757  15697174 0.4492512
hs10   5498697   5499555 0.4490196
hs5 160009113 160065543 0.4480969
hs19  15912367  15934867 0.4479866
hs7    983199    989640 0.4478632
hs9  76385517  76394517 0.4473684
hs19    589893    617159 0.4471154
hs7  98877933  99013243 0.4469854
hs21  33903453  33915980 0.4463131
hs14  77672404  77708020 0.4460581
hs5 140664676 140674124 0.4456522
hs11  18529609  18588747 0.4449153
hs6  37353972  37394738 0.4435318
hs8  25427847  25458476 0.4431239
hs5  77029251  77065234 0.4427767
hs3 122412332 122416051 0.4420168
hs8 101686543 102124907 0.4409938
hs2  74483073  74494886 0.4408602
hs14  90396502  90408261 0.4408163
hs14  90396502  90408261 0.4408163
hs14  90396502  90408261 0.4408163
hs14  90396502  90408261 0.4408163
hs14  90396502  90408261 0.4408163
hs14  90396502  90408261 0.4408163
hs14  90396502  90408261 0.4408163
hs14  90396502  90408261 0.4408163
hs14  90396502  90408261 0.4408163
hs14  90396502  90408261 0.4408163
hs14  90396502  90408261 0.4408163
hs14  90396502  90408261 0.4408163
hs14  90396502  90408261 0.4408163
hs14  90396502  90408261 0.4408163
hs14  90396502  90408261 0.4408163
hs14  90396502  90408261 0.4408163
hs14  90396502  90408261 0.4408163
hs14  90396502  90408261 0.4408163
hs14  90396502  90408261 0.4408163
hs14  90396502  90408261 0.4408163
hs14  90396502  90408261 0.4408163
hs14  90396502  90408261 0.4408163
hs14  90396502  90408261 0.4408163
hs14  90396502  90408261 0.4408163
hs14  90396502  90408261 0.4408163
hs14  90396502  90408261 0.4408163
hs14  90396502  90408261 0.4408163
hs2  72129238  72148038 0.4406780
hs1  54715822  54742657 0.4406439
hs12 102073103 102120124 0.4403131
hs15  40952962  40956519 0.4398340
hs3  48744597  48847846 0.4391304
hs20  35302566  35412141 0.4390805
hs3 108907792 108953895 0.4384134
hs16   4354542   4425705 0.4383057
hs14  69191511  69244020 0.4377682
hs1 223701593 223776018 0.4376368
hs21  44328944  44339402 0.4376368
hs11  66257294  66267860 0.4375000
hs16  69131291  69231130 0.4373832
hs10   5524009   5526771 0.4369919
hs12  53299686  53307177 0.4368308
hs19  49635292  49640201 0.4366472
hs11  77066932  77126155 0.4363636
hs1  43358955  43363203 0.4358047
hs22  40824535  40857022 0.4357262
hs9 101591615 101595001 0.4356846
hs4  10074339  10116949 0.4356261
hs5  10564330  10650196 0.4355932
hs10 103367967 103389065 0.4353741
hs4 147637785 147684230 0.4353741
hs11  65180566  65212006 0.4347826
hs1 167935783 168075843 0.4344262
hs16   2155698   2178129 0.4342342
hs1   9234775   9271337 0.4341927
hs19  12688053  12696643 0.4340344
hs20  13849247  13996443 0.4340223
hs21  44107290  44131181 0.4338624
hs22  19330698  19447450 0.4338235
hs17  67070438  67245989 0.4337748
hs3 129440036 129520507 0.4333959
hs15  42359500  42412318 0.4331897
hs2 202874782 203014798 0.4329710
hs19   5911707   5916208 0.4329004
hs3 113286930 113441610 0.4327485
hsX 118346073 118449961 0.4326376
hs12 103587273 103766727 0.4325323
hs9  26904083  26947463 0.4324818
hs6  44113454  44127457 0.4324324
hs5  77425970  77620611 0.4321224
hs6  32128707  32130291 0.4320557
hs2 203238449 203305840 0.4319419
hs2  17539126  17657018 0.4318658
hs6 135283532 135497776 0.4317757
hs19   2977446   2995184 0.4316832
hs20  13784950  13821582 0.4316547
hs1  70260588  70354734 0.4315589
hs2 201644870 201698694 0.4315545
hs19  37884823  37906677 0.4314815
hs20   5126786   5197887 0.4314185
hs14  67241109  67335819 0.4312139
hs5 138187648 138213343 0.4311927
hs11 113314529 113383544 0.4311594
hs2  87755955  87825952 0.4309979
hs19  48445773  48457022 0.4309701
hs9 128633661 128656787 0.4309623
hs20  45823214  45833745 0.4309278
hs17  50693190  50707924 0.4309091
hs16    527717    554636 0.4308390
hs10  30309801  30374448 0.4308390
hs12  47661249  47706061 0.4307692
hs5  37379212  37753435 0.4307116
hs14  24114195  24125242 0.4306306
hs6  10694695  10709782 0.4306306
hs15  59206823  59208515 0.4306283
hs1 111439890 111449376 0.4301471
hs6  78935867  79078236 0.4301270
hs15  63608618  63833942 0.4301270
hs3  39051998  39096671 0.4300885
hs11  67303448  67312607 0.4300847
hs14  20365667  20413429 0.4300699
hsX  53374149  53422728 0.4299876
hs4 139301455 139420033 0.4299611
hs2   9206765   9405683 0.4299242
hs10  42782801  42834937 0.4298056
hs10  42782801  42834937 0.4298056
hs7 142908101 142933808 0.4296435
hs10  87659613  87747705 0.4296081
hs20  57351010  57379211 0.4293578
hs3  52254421  52288020 0.4293478
hs9  81583683  81689305 0.4293381
hs15  90930180  90954093 0.4290909
hs15  78277835  78299794 0.4290323
hs3  25782917  25794534 0.4289072
hs19   6436079   6465203 0.4288793
hs1 175944831 176207493 0.4288355
hs17  35128753  35142315 0.4288136
hs20  49503874  49568146 0.4285714
hs12 123232916 123257959 0.4285714
hs13  41216369  41263577 0.4285714
hs22  50523568  50526439 0.4283513
hs1  31259568  31296782 0.4283276
hs7 142871203 142885762 0.4283088
hs7 103297422 103329511 0.4282297
hs4 107590276 107720452 0.4281609
hs3 177019355 177197473 0.4280822
hs3 139355600 139389732 0.4280576
hs16    684622    690444 0.4280374
hs15  42412823  42491123 0.4280303
hs3  10293131  10321178 0.4280303
hs1 205086142 205122015 0.4277674
hs11  46396414  46594125 0.4277457
hs2  68178857  68256237 0.4276730
hs1 236215555 236281985 0.4276169
hs3 101827991 101861022 0.4275618
hs11  73876699  73927745 0.4275492
hs16  72093562  72112912 0.4275148
hs3 157146508 157160760 0.4273128
hs22  36510850  36529436 0.4272517
hs2 233210051 233295674 0.4270833
hs12 120461668 120469793 0.3048017
hs12 120461668 120469793 0.3048017
hs6  30617709  30626395 0.4367589
hs10  73110375  73131828 0.3587444
hs17  48892765  48895871 0.9419192
hs10  99711844  99732100 0.5253165
hs9 136410570 136423761 0.5169082
hs5  53560633  53683340 0.5045455
hs19   7926718   7943920 0.4988914
hs11   6234765   6244429 0.4827586
hs2  98346155  98398601 0.4768089
hsX 151738451 151745304 0.4709302
hs4  47935977  48016672 0.4629630
hs19   1241746   1244826 0.4611940
hs2 100273291 100322733 0.4606365
hs15  51208057  51338610 0.4604569
hs19  40843538  40882210 0.4586207
hs1  47023568  47050751 0.4583333
hs12  49866896  49904217 0.4579256
hs19  15508493  15552317 0.4578313
hs19  40875439  40882752 0.4578313
hs13  52652709  52700909 0.4568345
hs19  41088472  41096195 0.4567474
hs10 102830531 102837533 0.4554795
hs19  40991299  41018398 0.4545455
hs10  93073475  93077890 0.4540816
hs1  46757838  46819413 0.4540816
hs19  41193049  41207539 0.4537671
hs8 142910559 142917843 0.4525424
hs6 108294894 108526796 0.4524207
hs15  74337759  74367740 0.4523810
hs10  95036772  95069497 0.4522184
hs8 142872356 142879846 0.4519393
hs2  69395750  69437628 0.4517986
hs14  99684304  99727301 0.4517241
hs10  93060808  93069536 0.4513889
hs10  94762624  94853260 0.4511149
hs7  92112151  92142952 0.4509466
hs1  47137435  47149741 0.4509466
hs1  47137435  47149741 0.4509466
hs1  47137435  47149741 0.4509466
hs1  47137435  47149741 0.4509466
hs1  47137435  47149741 0.4499151
hs1  47137435  47149741 0.4499151
hs1  47137435  47149741 0.4499151
hs1  47137435  47149741 0.4499151
hs7  99684679  99735196 0.4507513
hs7  99684679  99735196 0.4507513
hs7  99684679  99735196 0.4507513
hs7  99684679  99735196 0.4507513
hs7  99684679  99735196 0.4474124
hs7  99684679  99735196 0.4474124
hs7  99684679  99735196 0.4474124
hs7  99684679  99735196 0.4474124
hs20  44942130  44960486 0.4506066
hs10 133520406 133561220 0.4500000
hs22  42126499  42130906 0.4497445
hs22  42126499  42130906 0.4497445
hs22  42126499  42130906 0.4497445
hs22  42126499  42130906 0.4497445
hs22  42126499  42130906 0.4489796
hs22  42126499  42130906 0.4489796
hs22  42126499  42130906 0.4489796
hs22  42126499  42130906 0.4489796
hs20  54153449  54173973 0.4495726
hs15  74748844  74756202 0.4493243
hs9 134135365 134159968 0.4492512
hs8  94895767  95116455 0.4491979
hs2  99318982  99340702 0.4491900
hs1  59893308  59926790 0.4491525
hs6  32038265  32041670 0.4489112
hs12   4649095   4694317 0.4485981
hs4 186191520 186213456 0.4485666
hs4 107931369 107953457 0.4485666
hs10 133379234 133391694 0.4484733
hs11  14877440  14892252 0.4483926
hs19  15615617  15662825 0.4481605
hs10  94938658  94989390 0.4480409
hs19  15615218  15630638 0.4479866
hs10  94683621  94736190 0.4476844
hs2  10302889  10427617 0.4476386
hs2 127184120 127220078 0.4474576
hs12  57762334  57768986 0.4474124
hs8 144095027 144097525 0.4472727
hs2 218781749 218815293 0.4472362
hs1  47067488  47118319 0.4470990
hs19  41114432  41128366 0.4470990
hs5 154887416 154938209 0.4469697
hs16    367384    370527 0.4467593
hs7  99756960  99784265 0.4466667
hs17  54951902  54968785 0.4466019
hs1  32885994  32898441 0.4465021
hs9 124853417 124857890 0.4457429
hs10   7788129   7807815 0.4456392
hs15  88636153  88656483 0.4450549
hs5  45259247  45696151 0.4446254
hs16  57735730  57757250 0.4442568
hs7 108470422 108569666 0.4442105
hs17   8002594   8020339 0.4441133
hs2  38066973  38109902 0.4440559
hs6  46549580  46652830 0.4438596
hs15  74719542  74725610 0.4436975
hs8  58490178  58500236 0.4436364
hs8 143990058 143993415 0.4434932
hs18   9102630   9134345 0.4433566
hs7  99648194  99679998 0.4427861
hs2 240479422 240569209 0.4426230
hs12  89419718  89526024 0.4422111
hs22  27978014  28679865 0.4421199
hsX  96684663  97604997 0.4421053
hs2  53767792  53775196 0.4419552
hs3  52075253  52154690 0.4416667
hs1 153678637 153693992 0.4416168
hs11  68052859  68121444 0.4415584
hs11  74171099  74254703 0.4410920
hs15  73319859  73369264 0.4400657
hs20  25294743  25390983 0.4399441
hs9  35792154  35809732 0.4398868
hs9  21967753  21995301 0.4393382
hs12  14612632  14696585 0.4389902
hs11 110429883 110464881 0.4387417
hs1 113390749 113685923 0.4386617
hs6  42155406  42180056 0.4385246
hs11  62602218  62612765 0.4384328
hs2 152335237 152649834 0.4384134
hs16    649311    667833 0.4383057
hs13  43023203  43114224 0.4378378
hs1  43172149  43254358 0.4376164
hs1 171314208 171342084 0.4368771
hs1 151770107 151791416 0.4368530
hs16   4340251   4420494 0.4366972
hs1 230747384 230802003 0.4366812
hs19  38730187  38769904 0.4359551
hs4  25747427  25863760 0.4358524
hs19   8697397   8698822 0.4356061
hs19   3506273   3538330 0.4355717
hs6 166364919 166383013 0.4354839
hs12  21635342  21757857 0.4354194
hs17  63550461  63594266 0.4353183
hs4 176065834 176182818 0.4351005
hs3  47413694  47477126 0.4350282
hs4  84582979  84651338 0.4349355
hsX 109372906 109482072 0.4349030
hs5  55112995  55173175 0.4347015
hs14  59188646  59371405 0.4345992
hs22  50578949  50601455 0.4345992
hs8 144262102 144291370 0.4345351
hs6  44158811  44184402 0.4344978
hs4  84669610  84966391 0.4344423
hs17   2689386   2712663 0.4344262
hs11  64185272  64204543 0.4340974
hs1 241652278 241802133 0.4340344
hs20  63981135  64033100 0.4340000
hs11  67518912  67523428 0.4339623
hs9 120751978 120793412 0.4335155
hs1 223538007 223665734 0.4332604
hs11  61873519  61892051 0.4332130
hs12  41188448  41574590 0.4331897
hs17  48762235  48817214 0.4331797
hs2 208236227 208266074 0.4329184
hs12  96907223  96953777 0.4328922
hs6  32168212  32178096 0.4328537
hs1 117929720 117966542 0.4328098
hs9  22002903  22009363 0.4327808
hs20  20034368  20056046 0.4327122
hs3  42856005  42876165 0.4325843
hs9 129634604 129642169 0.4320298
hs19  17511629  17521288 0.4319444
hs14  54938950  55027105 0.4319066
hs1 235661041 235883640 0.4319066
hs2 241675742 241686991 0.4318766
hs19  10310045  10316015 0.4317817
hs13  51584455  51767707 0.4317343
hs6  34288770  34426048 0.4316860
hs17  47200446  47223679 0.4316703
hs12  66135846  66170072 0.4315789
hs19  45606994  45645629 0.4314442
hs17  34980494  35009743 0.4314330
hs9 128322536 128334072 0.4313725
hs2  28894643  28948222 0.4310019
hs3  32105689  32168713 0.4309327
hs12 107685732 107713167 0.4307400
hs1  51789191  51878937 0.4305732
hs16  23581002  23596356 0.4304400
hs18    580357    582114 0.4303797
hs3 127689062 127823250 0.4303797
hs1 160215715 160262531 0.4302326
hs15  51447711  51622833 0.4301887
hs6  31615184  31617021 0.4298851
hs11    537527    554916 0.4298056
hs1 228139962 228148984 0.4297235
hs14  95533503  95544724 0.4296636
hs18  56651343  57036606 0.4296435
hsX 154778684 154821007 0.4295612
hs17  27294076  27313631 0.4295302
hs3  16802651  17090594 0.4295302
hs6  39792366  39904877 0.4295011
hs2 171687409 171748420 0.4294479
hs10  28050993  28334486 0.4293981
hs12  50103819  50111319 0.4292453
hs5  90392261  90409786 0.4291845
hs4  73073376  73258798 0.4291845
hs17  42113108  42121358 0.4291667
hsX  15235288  15270467 0.4290076
hs6  37433219  37482827 0.4288747
hs22  29720084  29731839 0.4288703
hs4  82818661  82901166 0.4288577
hs3 167478684 167653983 0.4288425
hs1 205976740 206003461 0.4288355
hs17   2593210   2685615 0.4288165
hs11  60890730  60906588 0.4288165
hs11  62559601  62574086 0.4288107
hs9  75088543  75147265 0.4287975
hs12  76036587  76085033 0.4285714
hsX  73212299  73214848 0.4285714
hs6  52420308  52495785 0.4285714
hsX 152826973 152830777 0.4285714
hs10 101825974 101843920 0.4285714
hs8 103414714 103443453 0.4285714
hs14  88612431  88792752 0.4285714
hs11   2944431   2992377 0.4285714
hsX  27590382  27748821 0.4285714
hs14  30893799  31026401 0.4283122
hs19  45782947  45792802 0.4283088
hs14  99737693  99942060 0.4283054
hs21  42843094  42879568 0.4282946
hs6 147387664 147390465 0.4282787
hs3 155375580 155745067 0.4282561
hs17  43800799  43833170 0.4282380
hs5 181236909 181248096 0.4280822
hs16   1972037   1982933 0.4280702
hs1 108134036 108200849 0.4279835
hs22  37019635  37029822 0.4279661
hs2 159235793 159286799 0.4278351
hs15  68578969  68727806 0.4277778
hs11  47214465  47239240 0.4277674
hs17  43875357  43909711 0.4277389
hs3  15206152  15252918 0.4276316
hs1 112709994 112715477 0.4276316
hsX  93670930  93673568 0.4276169
hs7  24573268  24694193 0.4275782
hs16  30182827  30189076 0.4274953
hs20  38805705  38923024 0.4274691
hs4  41981696  41986467 0.4273859
hs6  75749192  75919537 0.4273504
hs9 128203379 128255248 0.4273504
hs2  31173056  31233858 0.4273128
hs9  37753803  37778972 0.4272931
hs18  51174550  51218304 0.4272727
hs22  43955421  44010531 0.4272727
hs1  23019448  23083689 0.4272608
hs17  51260528  51297936 0.4272388
hs13 102685744 102694504 0.4272031
hs20  32858923  32961609 0.4271255
hs20  32858923  32961609 0.4271255
hs1 221701424 221742176 0.4271255
hs19  45333434  45351520 0.4271012
hs12 53632726 53677408 1
