hs1 152348735 152360006 0.6031746
hs16  79585843  79600714 0.7189542
hs12  12116025  12267012 0.5842105
hs7  98291651  98401068 0.6741573
hs14  65006174  65102695 0.7017544
hs1 148808181 149048286 0.6845238
hs1 148808181 149048286 0.6845238
hs1 148808181 149048286 0.6845238
hs1 148808181 149048286 0.6845238
hs1 148808181 149048286 0.6845238
hs1 148808181 149048286 0.6845238
hs1 148808181 149048286 0.6845238
hs1 148808181 149048286 0.6845238
hs1 148808181 149048286 0.6845238
hs1 148808181 149048286 0.6845238
hs1 148808181 149048286 0.6531792
hs1 148808181 149048286 0.6531792
hs1 148808181 149048286 0.6531792
hs1 148808181 149048286 0.6531792
hs1 148808181 149048286 0.6531792
hs1 148808181 149048286 0.6531792
hs1 148808181 149048286 0.6531792
hs1 148808181 149048286 0.6531792
hs1 148808181 149048286 0.6531792
hs1 148808181 149048286 0.6531792
hs9  35104112  35116341 0.7127072
hs2  20560448  20651089 0.5515152
hs22  29788608  29838304 0.7005348
hs3  44861869  44865670 0.5341615
hs1 151510510 151538692 0.6229508
hs11  65354767  65357613 0.5611111
hs17  12665890  12768949 0.7516340
hsX 101098218 101163681 0.6410256
hs15  40358235  40371056 0.6120219
hs7  96481626  96709891 0.5988701
hs7  96481626  96709891 0.5988701
hs5   1008829   1038943 0.8116883
hs15  72241181  72272999 0.5977011
hs15  65234460  65300618 0.6104651
hs4 140257286 140385726 0.7375000
hs17  82018702  82024107 0.4942529
hs4 105682627 105895986 0.7594937
hs2 121216587 121285207 0.7581699
hs16   1978917   1984192 0.7485380
hs2 118088452 118110997 0.5917160
hs17  50373220  50381483 0.6964286
hs1 145911350 145918837 0.6666667
hs2 201071433 201085750 0.6303030
hs9 132891348 132944633 0.5894737
hs9 120388869 120580170 0.6214689
hs16  14071321  14266773 0.6761364
hs13  36301638  36370180 0.7258065
hs7 155297776 155310235 0.5773810
hs3 184230429 184242329 0.4500000
hs14  23117304  23119616 0.7215190
hs16  67828157  67847811 0.6050955
hs12  94897055  95003770 0.6666667
hs1  24319322  24364482 0.8235294
hs3  33388336  33441371 0.8169935
hs8 101492432 101669726 0.8116883
hs12  51093663  51173134 0.8116883
hs2   9951693  10002277 0.8116883
hs16  50548330  50640739 0.7861635
hs1 163111121 163321791 0.7716049
hs19  48720587  48740721 0.7650602
hs7   4797055   4883719 0.7572254
hs1 192636138 192660306 0.7528736
hs19  33373330  33382686 0.7515528
hs1 111448864 111462773 0.7388889
hs10 101845599 102056193 0.7356322
hs17  44846353  44850480 0.7341772
hs20  40685848  40689240 0.7320261
hs20  41178448  41317672 0.7278107
hs1 192158457 192185815 0.7243243
hs1 192575727 192580031 0.7241379
hs1  66533383  66748299 0.7232704
hs4  16501541  16898809 0.7228916
hs12 105173296 105236238 0.7219251
hs15  52581317  52709817 0.7206704
hs3  57227737  57273468 0.7189189
hs8 143419182 143430406 0.7161290
hs4  23755041  23904089 0.7150838
hs1 212565334 212620777 0.7135417
hs14  75522425  75547015 0.7128205
hs1 145992435 145996600 0.7124183
hs22  40410281  40636702 0.7100592
hs1 240775514 241357230 0.7081081
hs4  56647988  56681899 0.7030303
hs1 155320896 155331114 0.7025641
hs3  42757177  42804531 0.7017544
hs3  50287732  50292918 0.7010870
hs19   5993164   6199572 0.6994819
hs1 212686418 212699985 0.6984925
hs9 125437393 125707234 0.6978022
hs14  54567097  54793315 0.6974359
hs1 182598623 182604408 0.6972973
hs17  19904302  19978343 0.6964286
hs9   3218297   3526004 0.6958763
hs3 119498532 119525090 0.6956522
hs14  71932439  72566529 0.6956522
hs14  75427716  75474111 0.6950000
hs12  80707498  80709474 0.6948052
hs9 129007036 129028303 0.6947368
hs17  17212212  17237188 0.6931818
hs15  56087280  56243266 0.6927083
hs15  74919791  74938168 0.6927083
hs11    207511    215113 0.6923077
hs12 106582907 106762803 0.6923077
hs11 117199321 117204782 0.6919192
hs8  39743735  39838289 0.6902174
hs2   9488486   9555792 0.6902174
hs1 163068775 163076802 0.6898396
hs4  10439874  10457410 0.6894737
hs6 116877212 116932163 0.6891192
hs17   2384060   2401118 0.6888889
hs7 151232489 151238827 0.6878981
hs6 139240061 139292139 0.6878307
hs19  39342396  39385710 0.6868687
hs9  36190856  36304781 0.6864865
hs17  82047902  82051831 0.6863905
hs4 151409216 151663632 0.6853933
hs11   6211335   6234711 0.6853933
hs14  77376689  77391497 0.6845238
hs22  39519695  39522685 0.6844920
hs5 176392455 176416569 0.6842105
hs8  53851808  53959303 0.6842105
hs1 192316992 192367285 0.6839378
hs1 150982017 150995634 0.6836735
hs4 168092515 168187690 0.6836735
hs1    924880    944581 0.6835443
hs1 156249224 156282825 0.6825397
hs1 151340640 151347357 0.6822917
hs5  70968483  71025114 0.6818182
hs8  24384285  24406013 0.6813187
hs7  73593194  73624543 0.6810811
hs15  44665732  44711316 0.6808511
hs16  89947925  89968060 0.6808511
hs2 233917398 234019522 0.6807229
hs6 143536845 143831185 0.6806283
hs1  86704570  86748184 0.6804124
hs10 102107560 102120453 0.6802326
hs19   6737925   6751526 0.6800000
hs16     84271    138860 0.6789474
hs6 153004459 153131249 0.6789474
hs9 112878920 112890913 0.6776316
hs7 113876777 114075920 0.6769231
hs4 121667955 121697113 0.6767677
hs11  70398404  70436584 0.6764706
hs17  50110040  50129882 0.6756757
hs6 130013699 130141451 0.6754967
hs5  72955981  73090522 0.6751269
hs10  91628442  91633054 0.6751269
hs19  13961538  14007039 0.6750000
hs20  50190734  50192689 0.6746988
hs16    268301    275980 0.6737968
hs7  87934143  88202889 0.6736842
hs8 123680794 123737407 0.6733668
hs5 151100712 151157882 0.6733668
hs10  47460162  47484158 0.6733668
hs10  47460162  47484158 0.6733668
hs10  47460162  47484158 0.6733668
hs10  47460162  47484158 0.6733668
hs10  47460162  47484158 0.6733668
hs10  47460162  47484158 0.6733668
hs10  47460162  47484158 0.6700000
hs10  47460162  47484158 0.6700000
hs10  47460162  47484158 0.6700000
hs10  47460162  47484158 0.6700000
hs10  47460162  47484158 0.6700000
hs10  47460162  47484158 0.6700000
hs4  78551519  78610451 0.6733668
hs11  17719568  17722131 0.6729560
hs19  33299934  33302564 0.6727273
hs12 122078722 122147347 0.6723164
hs7 112422968 112481017 0.6721311
hs1 182646104 182684576 0.6720430
hs8  39106990  39284911 0.6719577
hs8 103500748 104256094 0.6716418
hs11 120236640 120319944 0.6714286
hs8  22578279  22598025 0.6707317
hs1  94896949  94927278 0.6702703
hs19  38867834  38878279 0.6702703
hs8  79764010  79767863 0.6702128
hs17   8413131   8490411 0.6702128
hs3  14651746  14672659 0.6701571
hs1 192809039 192812283 0.6701031
hs16  31427731  31428428 0.6700508
hs15  60347134  60402883 0.6700000
hs2  69644425  69826464 0.6700000
hs10 102714538 102743492 0.6699507
hs22  41833079  41907308 0.6697674
hs22  44172956  44219533 0.6687500
hs21  44350163  44443081 0.6685714
hs5 142108505 142154443 0.6684492
hsX 129779979 129795201 0.6684211
hs17  44759031  44781846 0.6684211
hs14  70452157  70459899 0.6684211
hs7   7156934   7248651 0.6683673
hs17  78214186  78225636 0.6666667
hs6   5084581   5089487 0.6666667
hs10 101031234 101041244 0.6666667
hs5 175477062 175529742 0.6666667
hs12 109277979 109309220 0.6666667
hs14  70522358  70535015 0.6649215
hs2 206443539 206621130 0.6649215
hs6  71886703  72403143 0.6648936
hs1  28369603  28500369 0.6648352
hs17  17810399  17837002 0.6635945
hs3 111998664 112013887 0.6634615
hs9  19230435  19373545 0.6634146
hs9  73151757  73170393 0.6633663
hs11  47269161  47330031 0.6633663
hs18  45983536  46072272 0.6633166
hs6  12716805  13290484 0.6627219
hs16  57471922  57487327 0.6621622
hs1  47436017  47440691 0.6617647
hs19  45863989  45873797 0.6617647
hs6   1312473   1314187 0.6617647
hs17  76136333  76141299 0.6617647
hs16  86567251  86569728 0.6617647
hs12   2857681   2877040 0.6617647
hs13  40555667  40666597 0.6617647
hs2 113498665 113501155 0.6617647
hs2  48314637  48379294 0.6617647
hs10 127737235 127741186 0.6617647
hs8 144473412 144476335 0.6617647
hs20  31844301  31845619 0.6617647
hs17  28506243  28538896 0.6617647
hs6  41546426  41602384 0.6617647
hs9  35732320  35737007 0.6616915
hs7 129433890 129488399 0.6616915
hs3  48673844  48686364 0.6616915
hs17  28364268  28365244 0.6616162
hsX  16786427  16844519 0.6615385
hs2 197389784 197435091 0.6611111
hs8  38176533  38213301 0.6602564
hs19  17747718  17788568 0.6601942
hs1 153929501 153946696 0.6601942
hs16  81035847  81047358 0.6601942
hs2  72942036  73075619 0.6601942
hs20  63528001  63537370 0.6600985
hs10 119140767 119165667 0.6600985
hs22  23765834  23768443 0.6600985
hs8   9136255   9151574 0.6600000
hs20  59936668  59940297 0.6600000
hs7  56101569  56106576 0.6600000
hs20  22581005  22585455 0.6585366
hs12  15620158  15882329 0.6585366
hs6   1609972   1613897 0.6585366
hsX  49250436  49264826 0.6585366
hs16  86510527  86515418 0.6585366
hs9  65282101  65285209 0.6585366
hs1  47416072  47418052 0.6585366
hs1  42176539  42335877 0.6585366
hs11 118971707 118981291 0.6585366
hs2  88446787  88452656 0.6585366
hs6   1389834   1395597 0.6585366
hs2 104855511 104860471 0.6585366
hs9  65736555  65738784 0.6585366
hsX  71096197  71103535 0.6585366
hs14  37589984  37596059 0.6585366
hsX 151396515 151409364 0.6585366
hs5 170105897 170109725 0.6585366
hs1 159918107 159925732 0.6585366
hs1  21596215  21669363 0.6584158
hs16   4257186   4273075 0.6581633
hs20   3667965   3682246 0.6580311
hs1 155050566 155062775 0.6580311
hs15  64151715  64157481 0.6578947
hs10 119499828 119542708 0.6577540
hs6  41683978  41736259 0.6575342
hs3  69739435  69968337 0.6575342
hs19  10391134  10420121 0.6570048
hs1 114582848 114670422 0.6570048
hs12 100028455 100142848 0.6568627
hs2  61017225  61051990 0.6568627
hs8 127735434 127741434 0.6567164
hs8  22620418  22669148 0.6567164
hs1  66924895  66988619 0.6565657
hs2  62673851  63046487 0.6564103
hs4 183639635 183659225 0.6564103
hs14  58395916  58408701 0.6557377
hs14  89124871  89619149 0.6553398
hs16  86576368  86582160 0.6553398
hs6 108559835 108684774 0.6553398
hs9  41126430  41128463 0.6553398
hs5  73444827  73448362 0.6553398
hs9  68302867  68304905 0.6553398
hs15  60004222  60061730 0.6553398
hs12   8032703   8055503 0.6553398
hs19  37907228  38208372 0.6551724
hs1 232397965 232561558 0.6551724
hs14  23295643  23302848 0.6550000
hs18  74148511  74160530 0.6550000
hs12 115953872 116277338 0.6548223
hs1 119893533 119896495 0.6546392
hs2  86143932  86195770 0.6546392
hs7 115935148 116159896 0.6545455
hs1 203083132 203086036 0.6543210
hs1 226223618 226227054 0.6538462
hs11   9138825   9265390 0.6538462
hs2 206651621 206718396 0.6536585
hs1 110031577 110074641 0.6536585
hs20  17941597  17968980 0.6536313
hs18   5954706   6415237 0.6535948
hs17   2777056   3037739 0.6534653
hs16  15643267  15726353 0.6528497
hs6  98834592  98839490 0.6526316
hs2  15940564  15947007 0.6523810
hs20  56412112  56460387 0.6523810
hs17   1420689   1463162 0.6523810
hs14  28766974  28770273 0.6521739
hs9    116231    118204 0.6521739
hs7 116210493 116258783 0.6521739
hs1  63323041  63325126 0.6521739
hs1  93448131  93554661 0.6521739
hs12 121308245 121399896 0.6519608
hs15  41621224  41773081 0.6516129
hs15  90388218  90502243 0.6515837
hs1 161039251 161045977 0.6515837
hs11   8224304   8268716 0.6513761
hs8  24440930  24526970 0.6512821
hs8  24294040  24359018 0.6512821
hs3 121570704 121586634 0.6511628
hs4 117083554 117085576 0.6510417
hs1   6466092   6520061 0.6507177
hs20  62796453  62801738 0.6502732
hs20  20389552  20712488 0.6502463
hs4   8436140   8493531 0.6500000
hs11  65576038  65592650 0.6497462
hs1 160190556 160201886 0.6497175
hs5  73626158  73941993 0.6492891
hsX  83508250  83509767 0.6492147
hs3 138944224 138947140 0.6490385
hs5    140258    189970 0.6490385
hs11   8693351   8910951 0.6490385
hs22  50600685  50613981 0.6488095
hs14  71320449  71741229 0.6487805
hs9 127224265 127393660 0.6487805
hs7  36854361  37449249 0.6486486
hsX  55623400  55625325 0.6485149
hs11  45909669  45918812 0.6485149
hs6  85505496  85594156 0.6485149
hs11  46277661  46321422 0.6478873
hs8  70573442  70608387 0.6478873
hs8   6406592   6643623 0.6477273
hs10 133160447 133226412 0.6476190
hs7 144355288 144380632 0.6476190
hs12  50953922  50970506 0.6474359
hs9 123379654 123930152 0.6473430
hs1 197504748 197775696 0.6473430
hs16   2047465   2088720 0.6470588
hs13  28700064  28718970 0.6470588
hs3   4979116   4985323 0.6470588
hs17  75266228  75271227 0.6466667
hs8  37858618  37899467 0.6461538
hs9  77019655  77020953 0.6459330
hs9 129887187 130043194 0.6459330
hs16  67277510  67289499 0.6459330
hs12  57610180  57619379 0.6459330
hs7  27830573  28180743 0.6459330
hs1 235109336 235128936 0.6458333
hs3 107522936 107811324 0.6456311
hs11  65585395  65650930 0.6456311
hs1  32179686  32198285 0.6453202
hs3 122794795 122881139 0.6446701
hs5 122843439 123029354 0.6446701
hs5  91368724  91383359 0.6445783
hs17  31094927  31382116 0.6445498
hs12   6310436   6328506 0.6445498
hs19  41883161  41930150 0.6445498
hs10  73375101  73414076 0.6445498
hs2 108534355 108687246 0.6441441
hs2 108534355 108687246 0.6441441
hs6 125747664 125761269 0.6439791
hs14  35538352  35809304 0.6439024
hs11    694438    727727 0.6439024
hs1 231332753 231337852 0.6438356
hs21  39380244  39428528 0.6435644
hs11  33077188  33162371 0.6435644
hs2 151485336 151734487 0.6431925
hsX  49028726  49043486 0.6428571
hs17  42567068  42573239 0.6428571
hs10 129835283 129963841 0.6428571
hs9   5881596   6007901 0.6428571
hs7  38383704  38631567 0.6428571
hs2 127048027 127107355 0.6428571
hs12  51281038  51324668 0.6425121
hs8  47736909  47739086 0.6419753
hs5  76403249  76708132 0.6418605
hs5 140245039 140303121 0.6418605
hs11   3797724   3826371 0.6417910
hs10  43194535  43266919 0.6415094
hs6  11183298  11382348 0.6415094
hsX 139581770 139708227 0.6415094
hs22  23688136  23699176 0.6415094
hs7  99392048  99408829 0.6414141
hs5 132866560 132868031 0.6411765
hs20  21511010  21514026 0.6411483
hs17   3636468   3661542 0.6409091
hs17  63432304  63446378 0.6408840
hs8  25841730  26045397 0.6408840
hs1 150363091 150476566 0.6405530
hs2  73073382  73156721 0.6404494
hs17  19127469  19159176 0.6401869
hs7 105532085 105567677 0.6401869
hs7  94907202  95296415 0.6400000
hs1  38043827  38046794 0.6400000
hs9  97853254  97856715 0.6398104
hs19  15451624  15464571 0.6398104
hs7 140518420 140673993 0.6398104
hs20  37178410  37241623 0.6398104
hs12  82358497  82479236 0.6394231
hs5 150708440 150759109 0.6390244
hs3 149517235 149736714 0.6388889
hs14  75278774  75282230 0.6388889
hs6  35118071  35148610 0.6388889
hs1  26696033  26782104 0.6388889
hs2  98619106  98731126 0.6387097
hs11 111927144 112022584 0.6386139
hs11   2404515   2423045 0.6385542
hs17   8310241   8322516 0.6384977
hs7  22118238  22357144 0.6384977
hs8   1823976   1958641 0.6384977
hs3 127672935 127680920 0.6383929
hs12  25195216  25209645 0.6382979
hs1 111187174 111204535 0.6380952
hs19   6467207   6482557 0.6380952
hs10  68230624  68232103 0.6380368
hs11   5268345   5505617 0.4343434
hs7 143244093 143270854 0.4553991
hs2  96021946  96039451 0.5876289
hs16  83948282  83966332 0.3893805
hs6  44809317  45377953 0.6374269
hs1 183929854 184037729 0.4406130
hs15  89677764  89690783 0.6280488
hs11  73872667  73876988 0.5141243
hs6 154159828 154510659 0.5787037
hs6 154159828 154510659 0.5787037
hs2   6840570   6866635 0.3744292
hs15  74630558  74696292 0.6127451
hs16  75647786  75761872 0.5337423
hs5 158695916 159099761 0.6373626
hs10  95237572  95291024 0.5426009
hs6   4994732   5004063 0.5714286
hs14  91060333  91225632 0.3195021
hs19  54461796  54463711 0.4945055
hs2 229922302 230013109 0.5250000
hs17   3811523   3846251 0.5491329
hs19  17555594  17583162 0.4538153
hs16  71859680  71895336 0.6208791
hs5 145471799 145835369 0.5465116
hs12  71609472  71667725 0.5245902
hs17  81239239  81241281 0.3101266
hs20   2692878   2760108 0.6312849
hs17  81035122  81117432 0.7361963
hs5 115804733 115816954 0.5608696
hs1  10430443  10442809 0.5932203
hs1  10430443  10442809 0.5932203
hs20  64073181  64079988 0.6898396
hs15  58588807  58749978 0.6864865
hsX 102374628 102471812 0.6634615
hs3   9779860   9793011 0.6593407
hs15  65658046  65792293 0.6570048
hs1  41361922  41383590 0.6553398
hs10 133262403 133276868 0.6546392
hs3 183919934 184018015 0.6473684
hs6  46220736  46491972 0.6440678
hs17  48830988  48866522 0.5223881
hs17 75038863 75046985 1
