hs21  33485530  33491720 0.7987616
hs17  38847865  38853843 0.9783728
hs3  65353525  66038834 0.7777778
hs18  50967991  50988121 0.7056995
hs16  77788530  77980107 0.8008299
hs7  78017057  79453574 0.7268951
hs3 170459584 170586074 0.7116183
hs16    283152    287215 0.9523316
hs7  92487020  92528531 0.9886481
hs2 182716041 182794464 0.9669763
hs6   2765414   2786952 0.9896373
hs3 186567403 186597203 0.9484536
hs10 133394094 133421307 0.7297297
hs13  95677139  95794989 0.9597523
hs2  95402721  95416616 0.7798546
hs16  30985207  30989152 0.9151139
hs17  19495385  19579034 0.7040498
hs13  33818049  33966558 0.8725389
hs1 219685427 219958647 0.7624481
hs2 189784085 189877629 0.8269430
hs9  37422666  37436990 0.9252336
hs8 143612618 143618048 0.8652850
hs15  45402331  45421419 0.9876161
hs18  74534440  74587212 0.8226141
hs8  56067295  56074581 0.9690083
hs13  25372071  26025851 0.6887967
hs1 179550539 179575952 0.8101660
hs12  55720367  55724705 0.9605809
hs2  23748664  23927114 0.9906832
hs8  17497088  17570573 0.7541494
hs13 100089015 100530435 0.9699793
hs12 118013588 118033130 0.9782834
hs14  22773222  22829820 0.7559709
hs12  12813316  12829981 0.9720497
hs14  24232422  24239242 0.9241952
hs8  28089673  28191156 0.6652807
hs17  50426158  50474845 0.9108808
hs3  69054730  69080408 0.8963731
hs13  30202630  30307484 0.9948240
hs6  20534457  21232404 0.8464730
hs10  68956128  68985073 0.9855072
hs8 143603913 143609773 0.8813736
hs22  21957025  21982816 0.9772257
hs22  46330875  46357340 0.8243802
hs2  43838964  43878466 0.9906832
hs1  17018722  17054170 0.8257261
hsX 153688099 153696593 0.3808533
hs6  87514378  87590003 0.9844560
hsX 129446501 129523500 0.7367876
hs16  28842411  28846408 0.9896801
hs17  81900965  81911464 0.7292531
hs3  10816200  10940733 0.3839750
hs6 159669057 159762529 0.8250518
hs6   7881517   7910814 0.9576446
hsX  16588003  16712936 0.9668050
hs2  55634063  55693910 0.8431983
hs16  28974221  28984548 0.7740933
hs20  41402101  41618494 0.7305699
hs6  55434369  55579214 0.8549223
hs8  20197367  20226819 0.9865424
hs16  89490917  89557768 0.9927611
hs2  18554723  18560680 0.9616580
hs1  26037252  26046133 0.8217617
hs1 200623896 200669969 0.9813472
hs6  43427366  43450430 0.9875905
hs10  21756537  22003769 0.9454171
hs5 146113038 146182660 0.9865285
hs17  12992391  13018187 0.6618257
hs8  70635318  70669174 0.9097510
hs8 144789765 144792587 0.9814050
hs1  44850522  44986722 0.9470405
hs6  83161150  83193936 0.7950052
hs2  39736060  39779267 0.6421162
hs7  90335223  90391455 0.9886246
hs3 193402077 193593111 0.9440994
hs1 235327350 235344532 0.9596273
hs16  84122146  84145192 0.9533195
hs10  25016658  25026664 0.8236515
hs20  63558086  63574239 0.8800414
hs16    726936    735525 0.8901554
hs4  39454124  39458948 0.7165109
hs1  15572353  15585110 0.7043568
hs15  73978923  73994622 0.7817048
hs4 103079435 103099883 0.9657676
hs17   7921859   7929803 0.8608515
hs3 156037701 156539138 0.8669439
hs21  46286337  46297751 0.4033264
hs13 110615460 110639993 0.8307373
hs19  41386374  41397479 0.6798337
hs20  49219295  49244077 0.9772257
hs11  72292425  72434680 0.9347826
hs4 145097932 145129179 0.9906929
hs1  10398592  10420144 0.7692308
hs17  50478800  50485975 0.7852697
hs16  18781295  18790383 0.9286453
hs1   6634168   6701924 0.9495366
hs16    788622    800737 0.7365145
hs17  42950526  42964498 0.9420290
hs16  11679080  11742878 0.6542056
hs3  50569152  50596168 0.9430052
hs18  47107403  47150520 0.6493776
hs7 140673153 140696261 0.7580478
hs5 138115172 138139443 0.9016563
hs8 124488485 124539458 0.9430642
hs1  19303965  19312146 0.8445596
hs1  12567910  12617731 0.9658385
hs6 149504733 149546038 0.8703320
hs21  43719094  43762307 0.6867846
hs12  15911172  16037282 0.5761658
hs17  42101404  42112733 0.9730849
hs7  44565417  44575051 0.9462254
hs6 149749443 149811420 0.7520747
hs9 128832942 128882494 0.9533679
hs6  33272010  33276510 0.9268795
hs9 112379937 112472410 0.8589212
hs3 132654446 132678097 0.9066390
hs10 109864766 109923553 0.8569948
hs6  36854827  36875024 0.8599585
hs5  65665928  65723035 0.6939834
hs10  72332830  72355230 0.9454171
hs15  64155812  64163205 0.8599585
hs4  56977722  57031168 0.9814624
hs1   1751232   1780457 0.9522326
hs3  58237506  58295693 0.8348910
hs16  70113626  70162537 0.8203531
hs7  73680969  73683453 0.9433574
hs16  46884378  46931297 0.9461140
hsX  72204657  72239047 0.7367876
hs11  75399486  75422280 0.7676349
hs3  25597905  25664907 0.9399586
hs19  39971005  39981441 0.9896801
hs4 106315544 106349226 0.8120457
hsX  47190861  47215128 0.9014523
hs2 236324147 236507542 0.9523810
hs19  10013249  10022279 0.9699482
hs1 145241630 145242124 0.8601036
hs14  23953586  23969279 0.9472050
hs6  99369400  99394204 0.8911917
hs6  73394748  73417569 0.9834369
hs18  56597208  56651600 0.8809524
hsX 129738974 129769538 0.9243523
hs5 123023250 123036741 0.8620332
hs12  55820960  55830824 0.9432405
hs2  99337353  99401326 0.9855670
hs14  67676801  67695814 0.9482402
hs21  14371115  14383484 0.9525284
hs3  13479724  13506424 0.7362409
hs21  36134912  36146566 0.9585492
hs4   8269765   8307111 0.8856549
hs2  85342088  85354620 0.7037422
hs19  51097606  51108370 0.8369678
hs17  18271428  18315007 0.9772257
hsX 107628424 107651026 0.9471503
hs5 177511577 177517469 0.9824017
hs4 108742040 108763054 0.9387331
hs17   2303383   2325260 0.9193382
hs12  48105139  48146404 0.7512953
hs5 103548855 103562793 0.7987552
hs22  32387582  32412255 0.4885892
hs18   9885726   9889275 0.9388601
hs14  50857891  50944736 0.6469367
hs4 170060222 170091699 0.9409326
hs19  54200742  54249003 0.7830579
hs4  99896248  99946726 0.9515464
hs3 155870536 155944026 0.9719626
hs3  53224707  53256052 0.9533195
hs14  90256495  90275429 0.9886246
hs15  45479611  45522807 0.8340249
hsX 154295671 154330350 0.9524302
hs2 112645857 112663827 0.6715177
hs13  29509410  29595688 0.7559709
hs7  16091192  16421322 0.6286307
hsX  70925582  70931125 0.7393562
hs19  33208664  33225850 0.7507788
hs16  68021274  68023442 0.9626943
hs14  31489956  31861224 0.9429461
hs1  23691779  23696425 0.9701031
hs9 111631386 111670229 0.9463918
hs1 162790702 162812817 0.8963731
hs1  63593276  63660245 0.9657676
hs2 197705369 197708387 0.9876033
hs1  53087179  53142632 0.5592516
hs19  49496365  49499689 0.7022822
hs16  68264516  68301823 0.7606218
hs1   1311585   1324691 0.8279793
hs17  82057506  82065887 0.8840580
hs10 112374018 112428380 0.8973029
hs12  48829764  48852842 0.9669421
hsY  12904937  12918122 0.9648397
hs14  94048291  94081245 0.9440994
hs17  44849943  44899662 0.9907121
hs3  10992724  11039247 0.3877339
hs22  21028718  21032840 0.7424714
hs10  49610301  49612720 0.6825726
hs3  51983340  51989197 0.8039419
hs11  34853094  34916499 0.5867082
hs6  32845209  32853978 0.9896694
hs17  41976433  42021376 0.9617373
hs1 144372875 144373659 0.8598131
hs1 144372875 144373659 0.8598131
hs1 144372875 144373659 0.8598131
hs1 144372875 144373659 0.8598131
hs1 144372875 144373659 0.8609959
hs1 144372875 144373659 0.8609959
hs1 144372875 144373659 0.8609959
hs1 144372875 144373659 0.8609959
hs14 100333788 100376805 0.5571726
hs16  20610243  20797581 0.9170124
hs16  70299224  70373383 0.9803313
hs5 168486445 168519299 0.9834025
hs20   7882981   7940474 0.6396677
hs19   1438358   1440494 0.9762887
hs12 123602077 123620941 0.9761658
hs7  24573268  24694193 0.8829016
hs3 128153454 128408646 0.9855521
hs11  71453109  71524107 0.9139896
hs21  44300051  44327376 0.7432712
hs6  32821833  32838780 0.9886246
hs20  25248069  25298014 0.6441207
hs3  48517684  48562015 0.7595855
hs22  24494107  24528390 0.7562241
hs8  22106872  22109419 0.7759336
hs7  44796680  44824564 0.8580311
hs7  44796680  44824564 0.8580311
hs7  44796680  44824564 0.8580311
hs7  44796680  44824564 0.8580311
hs7  44796680  44824564 0.8478261
hs7  44796680  44824564 0.8478261
hs7  44796680  44824564 0.8478261
hs7  44796680  44824564 0.8478261
hs8  66021560  66100526 0.9484004
hs2   6865806   6898239 0.5712799
hs11  43556436  43856617 0.9657676
hs5  35617844  35814611 0.4267913
hsX  51490011  51496596 0.6947040
hs9 111631352 111654351 0.9514964
hs4  67612652  67701179 0.8797927
hs20  13008979  13169103 0.7958549
hs3 184186023 184194012 0.9906929
hs21  36069941  36073166 0.9544513
hs21  34073570  34106260 0.5653527
hs2  45388680  45612165 0.8271222
hs3 100334701 100356866 0.8650052
hs8  31033801  31173769 0.9565667
hs14  45135940  45200890 0.9772492
hs12  21437615  21471252 0.7230290
hs17  76309486  76384521 0.9700722
hs12 111686056 111757107 0.7852697
hs1 148479824 148483679 0.8571429
hs8 143574785 143578649 0.5295950
hs11 119149012 119162653 0.9865702
hs7 134527592 134541408 0.8454357
hs4  47485288  47593486 0.7331256
hs19  19645198  19663693 0.9304979
hs11 112226365 112269955 0.5072765
hs20   6006090   6040053 0.7937824
hs3  94062916  94128545 0.8829016
hs3 194640788 194672477 0.9098446
hsX  12791355  12824222 0.9721362
hs12 106357658 106510198 0.9845201
hs5 180300690 180353387 0.9709242
hs1   5991466   6101193 0.8648649
hs15  40765155  40807477 0.9443299
hs19  40691529  40718207 0.7775468
hs1 109213918 109238169 0.9865424
hsX  24558087  24672677 0.5784008
hs10  70098223  70132934 0.8809524
hs12 123232916 123257959 0.8833849
hs11   3000922   3057613 0.9740933
hs7 138002324 138117986 0.7266112
hs1  88935773  88992953 0.9534643
hs17  80135214  80147183 0.9824199
hs19   5784832   5791238 0.8766839
hs5    892643    919357 0.9668394
hs20  34872146  34927962 0.9014523
hs12  29500840  29784759 0.8124352
hs2  27199587  27212958 0.5435685
hs15  45023104  45077185 0.8580311
hs5   6599239   6633291 0.8724066
hs1  32775237  32818153 0.8590674
hs2 238060889 238099413 0.9678756
hs14  77505997  77616773 0.7925311
hs12    220621    262873 0.3752599
hs12  10699089  10723312 0.6642562
hs3 186789880 186807058 0.9845201
hs20   5126786   5197887 0.8753894
hs12    190077    214570 0.3835759
hs3 184135038 184684758 0.7170984
hs1  11054584  11060024 0.6455301
hs2 106093303 106194339 0.9512448
hs6  31530219  31542448 0.9606625
hs10  70202830  70233911 0.7500000
hsX  53374149  53422728 0.8002070
hs3 194402672 194498364 0.9369183
hs7  37848597  37900401 0.9741736
hs1 182789293 182830384 0.7453416
hs5  33440696  33469539 0.9896480
hs17  42561467  42566277 0.9366563
hs16  67987746  68079320 0.8826584
hs6  33204642  33206831 0.9678423
hs9 135499984 135504673 0.9091847
hsX  54932961  54998534 0.7738589
hs2   9423568   9473101 0.8463136
hs20  33358839  33401561 0.8473520
hs10   4786629   4848062 0.8163900
hs2 210002565 210022259 0.9025907
hs15  49858238  50182817 0.6846473
hs11  35251206  35420063 0.5612033
hs5  74721204  74767371 0.9876416
hs4 143513463 143557486 0.7437759
hs5    218241    256700 0.9139004
hs16  87830023  87869488 0.7642783
hs3  14402576  14489349 0.3794179
hs5  55738017  55817157 0.9844720
hsY  10190377  10192298 0.7549325
hs7  74231499  74254458 0.9597107
hs5  36606355  36688334 0.5561331
hs6  31777518  31795953 0.9906929
hs1 155289839 155301434 0.9220374
hs2  43812472  43838865 0.9896694
hs18  57646426  57803101 0.6763485
hs14  51240162  51257546 0.9472050
hs11   4094707   4138876 0.8924509
hs10   3066333   3137712 0.7388601
hs7  87401697  87480435 0.9906832
hs12 120503274 120534434 0.9222798
hs2  70935882  70965406 0.9886128
hs2 168922938 169031322 0.9917184
hs10 110567691 110604636 0.8566978
hs9   4709559   4742043 0.9481328
hs1 156308968 156367873 0.7032058
hs11 107502726 107565746 0.7005181
hs2 163593396 163736012 0.9927386
hs1 175010789 175023425 0.8336777
hs4  77862520  77952790 0.5233161
hs11  59806135  59810872 0.8008256
hs1   1401908   1407313 0.7770898
hs1 156737303 156741590 0.7116183
hs5 150189957 150222788 0.3818939
hs2  84423523  84460045 0.8734440
hs3 197509783 197573323 0.9668050
hs20  25006230  25058980 0.9045643
hs1 119368779 119394130 0.6808290
hs5  34998101  35048135 0.9376299
hs19  10251901  10260045 0.8677686
hs11  57712600  57740973 0.8716356
hs5   1798386   1801366 0.5643154
hs6  42206801  42217865 0.6618407
hs6 106571971 106629487 0.7964694
hs16  69328621  69330595 0.7554404
hs17  50367857  50373214 0.8751290
hs1 220094102 220148041 0.9876289
hs16   1826941   1840207 0.7767394
hs7 103297422 103329511 0.8511967
hs1 246540560 246566324 0.4428274
hs3  67360460  67654614 0.8359294
hs13 110641412 110713603 0.9708940
hs2 241734579 241768816 0.8284823
hs11  66435075  66466738 0.9505155
hs2 218658764 218663443 0.9927386
hs9 122264603 122323464 0.7691511
hs10   7788129   7807815 0.8601036
hs1  36455718  36464437 0.6552440
hs6  43054029  43059806 0.9742533
hs14  50237563  50312548 0.6288981
hs1   1471769   1497848 0.9865564
hs17  63600872  63608365 0.8279793
hs3 158644278 158692575 0.9865979
hs4   7058906   7068197 0.9017580
hs2 105037983 105099960 0.9670103
hs19  38915266  38930896 0.9731127
hs2  75646783  75690851 0.8132780
hs4  83455932  83469735 0.8117890
hs19  38930548  38933162 0.9783505
hs2  95087207  95149434 0.8944099
hs3 136250306 136337896 0.8983402
hs6  44299654  44313326 0.9886010
hs17  51153590  51171744 0.9169263
hs17  51153590  51171744 0.9169263
hs17  51153590  51171744 0.9169263
hs17  51153590  51171744 0.9169263
hs17  51153590  51171744 0.9152017
hs17  51153590  51171744 0.9152017
hs17  51153590  51171744 0.9152017
hs17  51153590  51171744 0.9152017
hs19  17334920  17342735 0.9111570
hs10  95605929  95656706 0.8089304
hs5  71587288  71658704 0.7761658
hs7  73736094  73738867 0.8259067
hs10  73248843  73252693 0.8453608
hs11  66848233  66958376 0.9709544
hs6  44113454  44127457 0.7028986
hs7  55951819  55956501 0.6386293
hsX  19343893  19361705 0.8424870
hs3  25782917  25794534 0.8663212
hs17  75261674  75266373 0.8441692
hs2 215996329 216082955 0.9638056
hs15  88467453  88480773 0.9391125
hs1   1512151   1534687 0.9907025
hs12  57229327  57234935 0.9637681
hs21  25585656  25607517 0.6825726
hs6 155257509 155314493 0.9782609
hs11  78435961  78574874 0.9556244
hs1 151759643 151763564 0.6113990
hs3   3126916   3150879 0.8807054
hs19  48795062  48811029 0.8331606
hs12  32727490  32755902 0.9327818
hs1 173824503 173858546 0.9876161
hs3  58427630  58433857 0.9224405
hs4 151670504 151761023 0.8509317
hs1 226897536 226987545 0.7798546
hs6  30908242  30926459 0.9855521
hs19  41397460  41431345 0.7898551
hs3  48599002  48610976 0.8367983
hs1  31296982  31364953 0.8281573
hs1  37802944  37808185 0.9607438
hs1 154983338 154993111 0.8151610
hs3 124730366 124745193 0.9253112
hs6 152987362 153002685 0.8903826
hs11  20599400  20659285 0.3846154
hs10 102918293 103090221 0.8785047
hs3 113716460 113746300 0.8141225
hs10 102869516 102901899 0.7320872
hs2  27217390  27243943 0.9844075
hs2  53970838  54305300 0.6026971
hsX  72329516  72573103 0.7365145
hs11  47418769  47426473 0.9865702
hs14  52707172  52728587 0.9927686
hs17    782273    792509 0.7520747
hs16   4425805   4456775 0.9485067
hs17  41812680  41823217 0.7619048
hs6  80106647  80346270 0.9100310
hs5   1392790   1445430 0.3794179
hs3 113747019 113812056 0.9927386
hs2  72887360  72892158 0.9356846
hs9  35812960  35815354 0.9450777
hs1 173477266 173488807 0.9209979
hs17  81911939  81921323 0.7271784
hs15  57953424  58497866 0.8929314
hs17  75626845  75667189 0.9637306
hsX 130129362 130165887 0.6116303
hs6  24494852  24537207 0.8846154
hs2 112541915 112577150 0.9855372
hs4  88090264  88231322 0.9937824
hs16  48166910  48247568 0.9927536
hs18  63389190  63422483 0.9917270
hs7  87503633  87713323 0.9917184
hs16  48082973  48156018 0.9917012
hs2  32063611  32157637 0.9907121
hs7  50444128  50542535 0.9906929
hs18  46917492  47102243 0.9906832
hs10  87751512  87841343 0.9906832
hs15  82130230  82262763 0.9896907
hs4  44678427  44700926 0.9896801
hs6  42963870  42979220 0.9896587
hs3 128064778 128153914 0.9896480
hs9  35056064  35073249 0.9886364
hs17  63827152  63832026 0.9886128
hs10  68901278  68946847 0.9886010
hs11  17392885  17476845 0.9875905
hs22  38705723  38738299 0.9865979
hs21  42199689  42297244 0.9865702
hs3  49095932  49105101 0.9865564
hs14  74285423  74303056 0.9865564
hs6  43605316  43629162 0.9855819
hs17   7484366   7514618 0.9855521
hs19   5691834   5720572 0.9845041
hs1 150487364 150507609 0.9844720
hs2 189746660 189763227 0.9824199
hsX  78065188  78129296 0.9824017
hs6  49785934  49787187 0.9823834
hs2 162267079 162318703 0.9813472
hs14  20446411  20455105 0.9803313
hs14  34981957  35029567 0.9803109
hs9 132592997 132670401 0.9803109
hs11 126262919 126269144 0.9783058
hs19  18919675  18928627 0.9772492
hs12  21468911  21501669 0.9772257
hs4  56393362  56435615 0.9761163
hs17  18840085  18931287 0.9751553
hs5 134758779 134855133 0.9751553
hs4 168863770 169010275 0.9741201
hs19  33386950  33521794 0.9720207
hs19  48813017  48836678 0.9699482
hs14  60144120  60169856 0.9699170
hs3 183015218 183116075 0.9688797
hs1  26432282  26471294 0.9688474
hs20  35668055  35699359 0.9680083
hs17  36591798  36600806 0.9668737
hs4  87336610  87391386 0.9668394
hs12  56951431  56959374 0.9668394
hs12  56752161  56787790 0.9667705
hs12 104215779 104350305 0.9659091
hs8 144511288 144517845 0.9648033
hs12 113157174 113185479 0.9647668
hs4  39287456  39366375 0.9638056
hs2 117814650 117832379 0.9626943
hs17  18327860  18363563 0.9617373
hs16   1962052   1964860 0.9616977
hs17  82035136  82037732 0.9606625
hs13  51932673  52011494 0.9585492
hsX  77910656  78050395 0.9585492
hs7 149003062 149028641 0.9585062
hs16  84368527  84464187 0.9574689
hs19  12796820  12801859 0.9522326
hs15  90717327  90816165 0.9514463
hs4 163471093 163473746 0.9514463
hs16  71565660  71577130 0.9503619
hs20  63895182  63936031 0.9484004
hs10  24848607  24952604 0.6770509
hs17  81932384  81942412 0.8785047
hs10  14838164  14871741 0.9432405
hs17  49404049  49414905 0.6690871
hs16  84053761  84116906 0.6562825
hs17  36601572  36608971 0.8530021
hs19   6361452   6368908 0.8276574
hs8 102826357 102893864 0.8618899
hs9  99216426  99221956 0.8518135
hs1 211571568 211578742 0.7367876
hs6  31959080  31969755 0.6943005
hs19  18831938  18868236 0.5945946
hs10   5035354   5107686 0.8329876
hs1  18871430  18902781 0.8746114
hs18  36187519  36272157 0.8397104
hs7 134646808 134679813 0.7245322
hs7  44062727  44065587 0.7562241
hs10  97426160  97433441 0.6573209
hs10  97426160  97433441 0.6573209
hs10  97426160  97433441 0.6573209
hs10  97426160  97433441 0.6573209
hs10  97426160  97433441 0.7406639
hs10  97426160  97433441 0.7406639
hs10  97426160  97433441 0.7406639
hs10  97426160  97433441 0.7406639
hs1  47333797  47378839 0.9191710
hs12   4321205   4354593 0.7562241
hs9  68328308  68531061 0.9419087
hs4 158709134 158723396 0.8694301
hs1  20588948  20618908 0.6427830
hs2  73640832  73642393 0.7258567
hs2  73640832  73642393 0.7258567
hs2  73640832  73642393 0.7258567
hs2  73640832  73642393 0.7258567
hs2  73640832  73642393 0.7071651
hs2  73640832  73642393 0.7071651
hs2  73640832  73642393 0.7071651
hs2  73640832  73642393 0.7071651
hs13  47936487  48001326 0.8367983
hs4 168356735 168537786 0.6849741
hs2 108719481 108785811 0.8608515
hs19  17871973  17895174 0.6458982
hs10 122461525 122514908 0.8869295
hs21  43053191  43076943 0.9254658
hsX  71533083  71575897 0.8528497
hs2 102715840 102736888 0.8080913
hs22  50245183  50251405 0.7344398
hs22  32218476  32255341 0.5937824
hs14  92121937  92172145 0.5991693
hs12  24810022  24949459 0.8020725
hs17  40388516  40417950 0.9431231
hs4  39498755  39528311 0.8130841
hs1  39841022  39883511 0.8768116
hs9   4490444   4587469 0.5607477
hs2 239048168 239401654 0.7357513
hs6  43576150  43615660 0.7902388
hs16  55655604  55706192 0.3818939
hs16  78099413  79212667 0.9327122
hsX  41514934  41923463 0.9193382
hs19   2754714   2783371 0.6836100
hs9 110243811 110256640 0.9399586
hs14  67819779  68730218 0.6390041
hs11    747329    765024 0.7836439
hs7   5973239   6009125 0.8296989
hs19   4174109   4182604 0.7300104
hs2  99400475  99490035 0.8008299
hs2  26847747  26950351 0.8431983
hs10   6144934   6235545 0.7217030
hs5 141620876 141636870 0.7354772
hs15  72686179  72738476 0.7261411
hs14  67241109  67335819 0.8871636
hs15  72199029  72231822 0.9189189
hs12   6867119   6870948 0.9336100
hs17  81703357  81707526 0.7497415
hs15  40694774  40732339 0.8084886
hs10   5890203   5937594 0.4386694
hs5 178208497 178232791 0.9336100
hs7  73302517  73308867 0.8399168
hs1  43991500  44031467 0.3814969
hs8  42416475  42541926 0.6742739
hs13 100603927 100675093 0.7375519
hs2 135136916 135531236 0.7282158
hs1 107056679 107059294 0.6455301
hs20  63939829  63956415 0.8205394
hs15  59206823  59208515 0.7406639
hs1 120889746 120890405 0.8599585
hs1 146344006 146344790 0.8608515
hsX  70423031  70433390 0.7034339
hs4  95840019  95841474 0.8060166
hs10 103245887 103248016 0.8951194
hs19  10701430  10713437 0.8825364
hs9  76385517  76394517 0.8068536
hsX   1403139   1453762 0.8400831
hs7 117710651 117874139 0.6760125
hs18  49481681  49491586 0.7422037
hs18  49481681  49491586 0.7422037
hs18  49481681  49491586 0.7422037
hs18  49481681  49491586 0.7422037
hs18  49481681  49491586 0.7528557
hs18  49481681  49491586 0.7528557
hs18  49481681  49491586 0.7528557
hs18  49481681  49491586 0.7528557
hs3  45755450  45796535 0.3898129
hs3  49805207  49813946 0.9014523
hsX    304529    318819 0.7748963
hs14  75002911  75012366 0.6338174
hs17  45023340  45061109 0.8816199
hs17   7288252   7294615 0.6701138
hs12 125065379 125143333 0.8580311
hs4  37826633  37862937 0.9294606
hs2 200870907 200889303 0.8526971
hs19  39433207  39435948 0.9442724
hs2  28849821  28870301 0.5979275
hs6 106629578 106668417 0.8924509
hs12   8681600   8783095 0.6340956
hs9 113373419 113376999 0.7136929
hs16  48244296  48363122 0.9287190
hs9  72114595  72257193 0.6946170
hs3 114005833 114088422 0.8018672
hs13  49247925  49293485 0.4724818
hs2  27253684  27275817 0.7027027
hs6 134917390 134950122 0.8817427
hs2 200889327 200903930 0.5472482
hsX  54530211  54561071 0.9015544
hs11  18529609  18588747 0.6680498
hs10  70815961  70881173 0.7246377
hs2 201644870 201698694 0.8888889
hs6  33416442  33418317 0.4417879
hs15  78264086  78282196 0.9473684
hs14  77800083  77935012 0.7850467
hs11 126202094 126211692 0.8925620
hs11  44065925  44084222 0.9451913
hs18  68673688  68715298 0.9450777
hs8 144078626 144080647 0.9450207
hs16  81988855  82011488 0.9282744
hs16  20409534  20441336 0.9150259
hs20  50934867  50958555 0.9397715
hs4 168216293 168318807 0.8343685
hsX 152830967 152869729 0.9316770
hs2  17663812  17800242 0.7445483
hs15  75023555  75117462 0.9325726
hs10  67796665  67838166 0.9360165
hs12  80936414  81261205 0.9088083
hs12 131929200 131945896 0.8975155
hs19   6135247   6193094 0.8932642
hs2  27781364  27891098 0.8890041
hs1  52927229  53051703 0.7388137
hs2 169584340 169641406 0.8538860
hs14  75053221  75069483 0.5565940
hs17  28719393  28724359 0.8002070
hs4  79225694  79326050 0.6147456
hsX 101009346 101052116 0.8132780
hs1 234391313 234479103 0.8000000
hs20  20017116  20033655 0.7341641
hs13  48037567  48047222 0.6580042
hs17   8247618   8270491 0.8796680
hsX  15319451  15335554 0.9150259
hs3  10248023  10281218 0.9347826
hs17   4948092   4957131 0.9834197
hs2  10439968  10448504 0.8982347
hs1 156591762 156594299 0.7993763
hs9 127794597 127814327 0.9024896
hs3 160399274 160434962 0.8082902
hs17  28854938  28861067 0.9543568
hs9  33025211  33039907 0.9525773
hs4  99070978  99088801 0.8494289
hs10  28050993  28334486 0.8879668
hs11 112029858 112030367 0.8609959
hs19  12737139  12748323 0.7300104
hs5  10249921  10266412 0.9763131
hs2 174072447 174248698 0.8975155
hs12  21797401  21941402 0.9906832
hs1  40979335  41012565 0.9678423
hs7 107923799 108003255 0.6340956
hs11  31369840  31432832 0.9484536
hs20  62183029  62203568 0.9906929
hs7 108569568 108574850 0.9474227
hs1 169132531 169367967 0.9077720
hs19  49453169  49471048 0.8589212
hs10 129467184 129768007 0.7958549
hs5  76083172  76353939 0.7271784
hs2  47695530  47810101 0.8618899
hs1 100896076 100981753 0.7398964
hs17   7189890   7219702 0.8652850
hs1 113390749 113685923 0.8130841
hs4 184755595 184826818 0.8971963
hs4  99336492  99353027 0.8506224
hs16  82035004  82098534 0.9637681
hs11  26667019  26723427 0.6155440
hs16  75627474  75648643 0.9927536
hs6 128883141 129516569 0.7132505
hs17  42549214  42555213 0.9688474
hs19   1383527   1395589 0.7569804
hs2  74529377  74533348 0.8783784
hs8  66430185  66471601 0.6666667
hs1   8861002   8879249 0.9813278
hs9 125234853 125241330 0.9474227
hs9  34329506  34343713 0.5794393
hs14 104085679 104115581 0.8145078
hs7  97852118  97872542 0.7593361
hs4  99412261  99435737 0.8364389
hs17  17200995  17206315 0.3544699
hsX 154778684 154821007 0.8891192
hs1 203626561 203744081 0.9544041
hs1 244408494 244452134 0.9408100
hs6   1623806   2245692 0.8922280
hs12  50103819  50111319 0.8660436
hs17  43483865  43544463 0.9398964
hsX  53431258  53434373 0.9657321
hs5 140673173 140692024 0.9875776
hs2  63588609  63607197 0.7313278
hs9  99979179 100099040 0.9378882
hs11 118747766 118791149 0.9751553
hs12   6533927   6538374 0.9190031
hs19   1782075   1812276 0.6991701
hs7  48171458  48647496 0.9937695
hs3 127598223 127622436 0.6576763
hs3  49716844  49723951 0.9667360
hs3  49716844  49723951 0.9667360
hs9  92210207  92293716 0.9896694
hs17  82078338  82098332 0.9079628
hs20  36890229  36951843 0.5631470
hs17  44076746  44123702 0.7396266
hs2  69319769  69387254 0.9740125
hs1 229516582 229558695 0.9875905
hs14  20455191  20457772 0.8018672
hs19  35533412  35545316 0.9130435
hs1  46394265  46413848 0.8873967
hs3 197042560 197299300 0.8618899
hs1  70411218  70439851 0.8634953
hs2 214931542 215138428 0.9875905
hs9 128340646 128361470 0.8930426
hs22  31399523  31528740 0.9906832
hs16  75111860  75116771 0.8278008
hsX 153724868 153744762 0.9896373
hs10 119167703 119178833 0.9482402
hs1  45511036  45523047 0.9502075
hs16  30443631  30446181 0.4526535
hs2 216412414 216483053 0.7603734
hs3  15560704  15601831 0.8819876
hs8  81657961  81686693 0.8611399
hsX 139726346 139945276 0.7098446
hs3 132417526 132539032 0.8481405
hs1  11806096  11843144 0.6514048
hs5  64768930  65018763 0.8590674
hs15  78437431  78501456 0.9273105
hs6  16238580  16295549 0.9241952
hs17  41866908  41930542 0.8695652
hs11 108665025 108940930 0.9616580
hs18  12328944  12377314 0.9917270
hs1  75796882  75913238 0.8620332
hs3 123067062 123225227 0.9492228
hs10 103396648 103446292 0.9317477
hs8 104330324 104467053 0.8207254
hs20  25612935  25624175 0.7985462
hs2 219279267 219286900 0.9485067
hs7  73834590  73842535 0.6923077
hs12 113392445 113426301 0.8909657
hs14  24290598  24299833 0.9626556
hs10  17142254  17202054 0.5015576
hs16  70289663  70335283 0.9803313
hs15 101653598 101724604 0.9886246
hs1 212791828 212816626 0.9399586
hs1 219968601 220046658 0.9917098
hs13  94574051  94596257 0.9574689
hs1 111755245 111768016 0.9607032
hs3  49024325  49029408 0.9428868
hs1  42380795  42422578 0.6545265
hs11  74330318  74398473 0.9075805
hs10 116849512 116911788 0.9740664
hs4  56435741  56461368 0.8629283
hs10  99329099  99394330 0.8559585
hs1  37566816  37595935 0.7587992
hs14  57390544  57415917 0.6732570
hs3  32105689  32168713 0.8641079
hs1 165662216 165698863 0.8993776
hs11 125903376 125923263 0.9761658
hs5 147390811 147510056 0.8246888
hs13  38965925  38991066 0.8224299
hs7 128392277 128410252 0.9439834
hs17  43800799  43833170 0.8765560
hs17  34927859  34981078 0.9690722
hs7 134127299 134264591 0.8694301
hsX  24054716  24077971 0.9896907
hs1  74705482  74733408 0.8416149
hsX  57286706  57489196 0.8904959
hs12  93377883  93408146 0.7079002
hs16  88809339  88811944 0.8116545
hs2 169810081 169824931 0.7310488
hs10    988019   1019936 0.9616977
hs12 132136594 132144335 0.9668737
hs6 150368892 150405969 0.4760915
hs17  21123364  21193265 0.9678423
hs6 117675502 117710640 0.6469367
hs9  70258962  70354888 0.7370600
hs12 128853427 128984968 0.5373444
hsX  30653359  30731456 0.7702703
hs18  11981025  12030883 0.8550725
hs17   3923870   3964464 0.9544984
hs4  41990472  42090457 0.6819127
hs13  72752169  72782096 0.8412863
hs8  37762593  37779767 0.8589212
hs9 110303521 110337884 0.9440994
hs3  48293264  48301685 0.9100310
hs8  86214052  86321146 0.6932642
hs19   5680604   5688523 0.9533679
hs22  20111866  20117392 0.8870466
hs12 113422237 113438276 0.9142562
hs22  40859549  40862126 0.9474227
hs21  36750888  36990236 0.8601036
hs9  35099776  35103195 0.8528497
hs19  34359480  34402156 0.8650052
hs14  23969874  24006408 0.9347150
hs14  23969874  24006408 0.9347150
hs14  23969874  24006408 0.9347150
hs14  23969874  24006408 0.9347150
hs14  23969874  24006408 0.9502075
hs14  23969874  24006408 0.9502075
hs14  23969874  24006408 0.9502075
hs14  23969874  24006408 0.9502075
hs2  86020216  86106155 0.9845361
hs2  99318982  99340702 0.6309771
hs17  19737984  19748943 0.8974093
hs16   1770286   1771730 0.9139004
hs2  96760902  96811891 0.8756477
hs16  29679008  29698699 0.7702703
hs16  29679008  29698699 0.7702703
hs16  29679008  29698699 0.7702703
hs16  29679008  29698699 0.7702703
hs16  29679008  29698699 0.7655602
hs16  29679008  29698699 0.7655602
hs16  29679008  29698699 0.7655602
hs16  29679008  29698699 0.7655602
hs14  67701886  67734452 0.9637681
hs8  38974164  38988662 0.8794179
hsX  70444861  70505490 0.8753894
hs9 129803153 129811281 0.6780538
hs2 169064789 169096167 0.9636552
hs12  55681546  55684611 0.7786970
hs16   2275881   2340746 0.9896587
hs12  31647160  31673114 0.6226611
hs12  69585334  69601570 0.9112487
hs9 127731524 127735317 0.6037344
hs5   1201595   1225117 0.3881374
hs5  34929593  34958964 0.9484536
hs2 222860934 222944639 0.9006211
hs1 205828022 205850132 0.8329876
hs13  49628299  49633872 0.6176166
hs10  13317424  13348298 0.4740125
hs3 130850595 131016712 0.9564315
hs12   6570083   6607476 0.7593361
hs19  12922479  12934037 0.9844720
hs19  58479512  58512413 0.8880829
hs12 122920951 122981649 0.9927461
hs7  66075798  66093558 0.8984456
hs4 127781821 127840733 0.9514964
hs9 104094260 104141417 0.8402490
hs7  30594681  30634033 0.6870466
hs8  26514275  26658178 0.8070539
hs20  50958826  50963931 0.9119171
hs7 103312474 103344873 0.7644628
hs19  14514770  14529770 0.9494845
hs16  69311356  69326939 0.9907025
hs6 107867756 107958189 0.9392379
hs6 149594873 149648972 0.9876033
hs17  69078702  69141888 0.9875905
hsX 121047588 121050080 0.7705088
hs12  89588049  89709300 0.9533679
hs4  42408373  42657105 0.7305699
hs19  17468769  17506168 0.8922280
hs6 133988697 134052636 0.7019730
hs19  35550043  35563658 0.9534161
hs5 119452443 119637199 0.9668394
hs17  69244311  69327244 0.9896587
hs2 135906677 135986100 0.9927686
hsX 153517676 153582939 0.9544513
hs20  34280268  34311802 0.8080913
hs20   3208868   3223870 0.9482402
hs3 182793500 182921635 0.7531120
hs5 131806990 132012243 0.8922280
hs5 131806990 132012243 0.8922280
hsX 154762742 154777689 0.9678756
hs4 138164097 138242349 0.7603734
hs2  27086747  27100772 0.6683992
hs12  56923154  56934405 0.9616580
hs17  19678288  19718979 0.6735967
hs1 110150486 110202202 0.3860562
hs5   1225355   1246189 0.3887734
hs17  18950345  19022595 0.5968912
hs17  82942155  83051810 0.6867846
hs9  96235306  96302152 0.9647303
hs12 120302316 120313249 0.7261411
hs2  96274336  96305515 0.8302277
hs1 116372668 116410261 0.9523316
hs8 144502973 144507174 0.9429461
hs4  56338287  56387508 0.9013499
hs10  94501434  94613905 0.7525880
hs14  23630115  23645639 0.9657676
hs7   2242222   2251146 0.7040498
hs2  97083583  97094882 0.7790456
hs19   1905378   1913447 0.8190279
hs2  19896643  19901986 0.6164241
hs10 109996368 110135565 0.5015576
hs6  89642499  89819723 0.8526971
hs19  34428352  34471251 0.9045643
hs3  52681156  52694492 0.6846473
hs7  18026774  18027863 0.9751810
hs3 186783205 186789900 0.9824017
hs1   1308567   1311677 0.9440415
hs16  70252295  70289543 0.9814050
hs2  88691644  88750935 0.6600832
hs16  20359170  20404737 0.7987552
hs14  67359997  67386516 0.7541494
hs16  20623237  20698890 0.9159751
hs12  95473520  95515839 0.7202073
hs3 138261437 138329886 0.9305699
hs1  28199456  28233025 0.9163223
hs20  51596514  51768634 0.7518172
hs4   2071918   2242121 0.7697095
hs5 160563120 160852214 0.6618257
hs10   4963253   5107522 0.8338525
hs19  48933682  48944969 0.7406639
hs11  44047981  44059977 0.9481865
hs17  68867292  68955392 0.9886364
hs11 119084866 119093549 0.8608515
hs4  98995620  99062813 0.9844720
hs3 121431427 121546641 0.9730570
hs6 159760328 159779055 0.7772021
hs6  73515750  73523797 0.9876289
hs1  65147549  65232145 0.9658031
hs1  65147549  65232145 0.9658031
hs1  65147549  65232145 0.9658031
hs1  65147549  65232145 0.9658031
hs1  65147549  65232145 0.9637306
hs1  65147549  65232145 0.9637306
hs1  65147549  65232145 0.9637306
hs1  65147549  65232145 0.9637306
hs16  81081961  81096403 0.7993763
hs16  81081961  81096403 0.7993763
hs16  81081961  81096403 0.7993763
hs16  81081961  81096403 0.7993763
hs16  81081961  81096403 0.7993763
hs16  81081961  81096403 0.7993763
hs16  81081961  81096403 0.7993763
hs16  81081961  81096403 0.7993763
hs11  20387530  20509294 0.7650728
hs17   7626234   7627876 0.7590862
hs4  84582979  84651338 0.8726708
hs1 228139962 228148984 0.8941909
hs10  12165325  12196144 0.8577362
hs1 119659798 119744215 0.9244306
hs6 125956781 125980244 0.7935685
hs11  64241003  64244132 0.7699482
hs14  45115600  45135319 0.7406639
hsX  51332231  51337525 0.7162162
hs7 151207837 151227230 0.9917270
hs3 142163572 142225607 0.7642783
hs12 123620406 123633766 0.6390041
hs1  39692182  39763914 0.8744813
hs10  77969251  78029545 0.9835221
hs1  45550543  45570049 0.8492723
hs2 215311817 215349773 0.8722741
hs19   1040101   1065572 0.9886128
hs8  27490779  27545564 0.8590674
hs17  43014605  43025123 0.8130841
hs1  46340177  46365152 0.8785047
hs2  27275421  27281499 0.9412371
hs5 131159027 131171735 0.9533679
hs18  46080248  46104334 0.9896373
hsX 153785766 153794523 0.8911917
hs20   2658395   2664219 0.8901554
hs7 107563484 107578464 0.8923395
hs17  74862497  74873031 0.7626943
hsX  55000357  55009057 0.6012461
hs3 126103562 126197994 0.9648397
hs2  61868089  61888804 0.7497415
hsX 134460153 134520513 0.7271784
hs6 134960378 135103056 0.9876416
hsX  55009055  55031064 0.8224299
hs3  52198086  52214327 0.8072539
hs19  15114984  15125785 0.8800414
hs10  99782732  99852192 0.9886128
hs6  18155329  18223853 0.7851240
hs8 123319850 123416350 0.9896587
hs11  67606852  67612535 0.7347150
hs6  31809619  31815065 0.9515963
hs9  32384603  32454769 0.9242739
hs2 197486581 197516737 0.9855521
hs6  83210389  83431071 0.8223140
hs22  40346500  40369367 0.9440415
hs14  67619798  67651720 0.6950207
hsX  38352545  38421450 0.9533195
hs7 157335381 157417439 0.9504644
hs11  68008578  68029282 0.8880829
hs3 128462439 128467248 0.9504644
hs17  63773603  63819317 0.9834540
hs4  99276367  99291028 0.8485477
hs2  74198562  74217565 0.9139004
hs12  39550033  39619751 0.9906929
hs1 119507198 119515054 0.8818653
hs15  48331011  48343373 0.7720207
hs15  39934146  40035591 0.8343685
hs10 114938193 114977676 0.9720497
hs1 161197104 161214395 0.7388601
hs22  20965108  20981360 0.9876033
hs22  36467036  36482030 0.9617373
hs12  56271699  56300392 0.8246888
hs10  87050486  87094866 0.7713098
hs11  86441108  86672636 0.8248705
hs8  54135210  54147901 0.8760331
hs16  23581002  23596356 0.8528497
hs6  13574529  13615158 0.7320872
hs1  54756898  54764514 0.9865564
hs22  37807905  37817176 0.8095238
hs12  57782589  57808071 0.8091286
hs9 130444929 130501274 0.8663212
hs15  79845195  79923754 0.6895119
hs5 149345430 149354583 0.8926729
hs14  74881891  74903745 0.8273009
hs22  43132206  43143394 0.7933541
hs6 150865549 151101887 0.9180498
hs10  79347469  79355337 0.8571429
hs5 154941070 154969411 0.6932642
hs17  64477785  64497036 0.4190871
hs11  31432401  31509645 0.7681913
hs2 206114817 206159603 0.7769710
hs1 119031216 119140671 0.9597107
hs3  38103129  38137242 0.7655602
hs18  49782167  49813960 0.7904564
hs19  43506719  43527244 0.9336100
hs16  23522014  23557731 0.9906832
hs8 120380761 120445402 0.8855670
hs8  90001405  90052092 0.9689119
hs11  47565336  47584562 0.7056995
hs19  47113274  47210636 0.8503119
hs17  42950526  42980528 0.9605809
hs3 126571779 126655155 0.9669763
hs3 126571779 126655155 0.9669763
hs12 108562582 108569384 0.7197518
hs12 105019784 105084577 0.9699170
hs18  50879049  50954257 0.8248705
hs1  33007984  33080996 0.9513458
hs4  83261536  83284914 0.7580478
hs11 112024814 112064390 0.8095238
hs3 131462212 131502983 0.9752577
hs15  65001512  65029639 0.9139896
hs19  19528861  19537581 0.6392931
hs10  27110112  27155266 0.9876033
hs7 107890970 107931730 0.9761905
hs19  55039108  55071291 0.9657676
hs6  73461578  73509236 0.8047521
hs10 124397303 124418976 0.9356846
hs9  38392664  38398661 0.8971963
hs2  55236595  55269347 0.9865979
hs11  64318088  64321811 0.6704782
hs11  68030617  68036644 0.8386763
hs16  20451461  20487667 0.9097510
hs2  18555545  18589564 0.8931535
hs14  64388031  64463457 0.9251559
hs15  78131498  78171949 0.9117342
hs16  20536226  20576427 0.9098446
hs5  78997606  79236038 0.8338525
hs16   8674565   8784575 0.9345794
hs7  23298739  23311729 0.7334025
hs9 113386317 113401333 0.8568465
hs9 133663560 133739955 0.8265836
hs14  75013764  75051532 0.8257261
hs15  65148219  65185342 0.9917355
hs1  45329163  45340470 0.9253112
hs6  31739948  31762834 0.8639668
hs18  79069285  79378283 0.7500000
hsX  10156945  10237660 0.6725572
hs2 171999583 172082430 0.9855072
hsX  23664262  23686399 0.9481328
hs9 129812944 129824134 0.6089212
hs2 241675742 241686991 0.7624481
hs12 109116595 109268226 0.9461140
hs8  56300010  56320776 0.9658738
hs10 130136399 130184521 0.9555326
hs1 183023460 183145592 0.4599376
hs1  97077743  97921049 0.9460021
hs12  56104319  56113907 0.9100310
hs2  96816245  96833911 0.8547718
hsX 116436622 116461458 0.3839750
hsMT      3307      4262 0.6466321
hsMT      4470      5511 0.6874351
hsMT     10760     12137 0.7019730
hsMT     12337     14148 0.7130977
hs2 219498867 219506988 0.9418484
hs7  76048051  76067508 0.7559709
hs16  10743786  10769351 0.9668394
hs7 151028422 151047782 0.9886246
hs22  19875517  19941992 0.9378882
hs2  10783391  10837977 0.9523810
hs14  74056850  74084493 0.8777202
hs5 140691426 140699291 0.9855072
hsX  75053172  75156732 0.9886128
hs2 197515571 197553699 0.8184647
hs2 197515571 197553699 0.8184647
hs5  65563236  65587549 0.8632124
hs17  43875357  43909711 0.8775934
hs11  64185272  64204543 0.6469367
hs1  77979175  78017964 0.9483471
hs9  21802543  21937651 0.7168050
hs17  37084988  37406818 0.9606218
hs5  90458203  90474768 0.7676349
hs3  45388506  45549421 0.9855521
hs1 161524540 161526910 0.9485067
hs9 128309103 128322742 0.7587992
hs19  10871513  10923070 0.5567118
hs10 124748149 124791870 0.6753112
hs2  26243170  26290468 0.7860852
hs10  80271820  80289684 0.8910788
hs8  98102344  98117241 0.8174274
hs1  93992835  94121132 0.9876033
hs1  42682395  42702349 0.6690796
hs4   1211448   1249953 0.9232365
hs4 182890060 182917936 0.7414330
hs9  32455705  32526324 0.6929461
hs4  99123657  99157792 0.8412863
hs9 132725578 132878777 0.9326425
hs10   4922564   5135226 0.8274428
hs10   5195462   5218949 0.8362694
hs2 197499994 197503457 0.8842975
hs1  77282051  77559969 0.9657321
hs6 109492856 109691217 0.9410548
hs9 127866480 127877743 0.9576008
hs14  96392111  96489427 0.7349272
hs22  41469125  41528989 0.9253886
hs16  15949577  16143074 0.9917270
hsX  48801377  48824982 0.7367876
hs15  90083045  90102504 0.7190427
hs17  51153536  51162428 0.9152017
hs7 117465784 117715971 0.9917184
hs6  42960758  42963880 0.5347871
hs1  23795599  23800804 0.9481865
hs16  67430652  67437553 0.9502591
hs10 124984317 125161170 0.9242739
hs5 133051962 133106449 0.9514964
hs14  64535905  64546173 0.9514964
hs12   6913745   6923698 0.9834025
hs15  27754875  28099358 0.5665281
hs6  31815464  31817946 0.9535604
hs6  31815464  31817946 0.9535604
hs6  31815464  31817946 0.9535604
hs6  31815464  31817946 0.9535604
hs6  31815464  31817946 0.9525284
hs6  31815464  31817946 0.9525284
hs6  31815464  31817946 0.9525284
hs6  31815464  31817946 0.9525284
hs2 240868479 240880502 0.8430353
hs15 100877714 100916626 0.8983402
hs16  11868128  11916082 0.9866117
hs13 112690329 112887168 0.7116183
hs5  31400497  31532196 0.8605372
hs13  95019829  95301433 0.9906832
hs1   7954291   7985505 0.6770186
hs12 110280756 110351093 0.9533195
hs4  99202638  99219537 0.8445596
hs16  28878405  28904509 0.9533679
hs6 143422832 143450673 0.8694301
hs16   1795620   1827194 0.9036269
hs6 109390215 109441171 0.8566978
hs12  25204789  25250936 0.6763485
hs1  16985958  17011928 0.9409938
hs17  64499616  64508199 0.9854772
hs17  72645949  73092712 0.4573805
hs4  87303789  87322906 0.9689119
hs1 155308748 155320666 0.8765560
hs1 119414931 119423035 0.8426501
hs21  33503931  33543491 0.9534161
hs1 160115759 160143591 0.9534161
hs17  46590669  46757464 0.9917270
hs18  57600656  57622213 0.9917184
hs4 122923074 123319450 0.9907025
hs7  20615207  20777038 0.9906832
hs1   1449689   1470158 0.9906832
hs20  63488013  63499315 0.9896907
hsX  51743431  51746232 0.9896907
hs17  69147214  69244846 0.9896801
hs9 104781002 104928237 0.9896587
hs1 224227334 224330387 0.9886364
hs2 219209768 219218990 0.9886128
hs17  68974488  69061064 0.9886128
hs9 137007227 137028922 0.9886010
hs6   5261044   5771580 0.9876161
hs8  30678061  30727926 0.9865702
hs12  57475445  57517569 0.9865702
hs6  30571376  30597179 0.9865702
hs17  18087886  18107971 0.9865702
hs22  38483440  38507660 0.9865424
hs19   3976056   3985469 0.9855819
hs5  62387254  62403939 0.9813665
hs17  37609739  37643464 0.9793388
hsX  22999961  23003589 0.9761905
hs14  95086228  95158010 0.9731405
hsX  41333348  41364472 0.9720497
hs18  63327726  63367510 0.9679421
hs17   9771434   9791297 0.9678756
hs9   5084999   5086112 0.9678756
hs1 209686178 209734950 0.9678089
hs4 174490177 174523154 0.9668737
hs16   2039815   2047866 0.9668737
hs8  73294612  73325281 0.9668737
hs2 222570536 222656337 0.9668394
hs16    401826    412487 0.9658031
hs19  14408819  14419383 0.9627329
hsX   2219516   2502805 0.9605809
hs15  43746392  43773279 0.9595436
hs17  81843159  81860694 0.9595016
hs17  28897781  28903071 0.9575130
hs2 210477682 210679107 0.9533679
hs3  10324023  10708031 0.9533679
hs1  15526813  15592379 0.9525284
hs11 119044189 119057202 0.9524302
hs19  41966582  41997497 0.9523316
hs11 123057489 123063230 0.9515963
hs13  31134974  31162388 0.9514964
hs17   7572706   7579005 0.9513458
hs2  15591178  15631111 0.9513458
hs13  24680411  24712493 0.9512448
hs5 139408588 139444491 0.9504644
hs5 138554882 138575444 0.9494845
hs16  46955362  46973788 0.9485067
hs1 241497603 241519761 0.9481865
hs3  59749310  61251459 0.8062176
hs11  83455012  85627922 0.8390447
hs1  92029982  92063536 0.8414508
hs8  10054268  10428891 0.8245067
hs1  23019448  23083689 0.7365145
hs8 116950273 117176714 0.8288382
hs3  36993332  37050918 0.8255452
hs10 102673731 102714407 0.6815353
hs9  72900662  73080442 0.8961578
hs12  21635342  21757857 0.7286902
hs11  28108248  28333507 0.7774327
hs2  85539165  85545280 0.8920042
hs1  23801885  23838620 0.8587747
hs19  38878555  38899862 0.7266112
hs6 131573144 131584332 0.7022822
hs7 134442350 134459284 0.8371369
hs3  39406689  39412542 0.6323988
hs6 113933028 114011308 0.7344398
hs5 132556019 132646344 0.8286604
hs16  72008588  72027664 0.9357513
hs10  67884669  67918390 0.7082035
hs1   6101793   6180123 0.7507788
hs11  18394388  18408425 0.5997921
hs4  99304964  99321442 0.8506224
hs1 182381704 182392206 0.8672199
hs5 126541841 126595418 0.8899273
hs11 119096503 119108331 0.7570093
hs7 129225023 129430211 0.7993763
hs11 108121516 108147776 0.7780083
hs1 109984686 110023741 0.8010363
hs9  36214441  36277056 0.6628631
hs11    215458    236931 0.7230290
hs12 111766887 111809985 0.8890041
hs4   5748084   5893058 0.8203531
hs5 163503114 163519336 0.8312629
hs2  47402969  47562311 0.8580311
hs12   6556863   6568691 0.8858921
hs2 231961245 232344350 0.8404145
hs22  50525752  50530085 0.4573805
hs5  80654648  80876460 0.8663212
hsX  43654907  43746824 0.7458506
hs6 104957048 105083332 0.6373057
hs9 121338988 121370304 0.8106139
hs16   1782901   1789191 0.9460581
hs16  89088375  89155846 0.9117342
hs8 144373101 144393242 0.7866805
hs2 208236227 208266074 0.6815353
hs9  92031999  92115384 0.7904564
hs6 100508194 100881372 0.6825233
hsX  49922615  50099235 0.6884735
hs15  40569300  40574943 0.9009288
hs21  29055805  29073797 0.7569804
hs14  66507407  67181803 0.7964694
hs6  39899578  39934551 0.8184647
hs19  32830509  32869766 0.7302905
hs6  32168212  32178096 0.8445596
hs16    396725    410367 0.9160622
hs22  16590751  16592810 0.9298246
hs12   7304284   7328724 0.9099379
hs7 134549136 134579875 0.8064182
hs16  70246778  70251930 0.5623701
hs10  74151185  74709303 0.7304891
hs22  21652270  21700015 0.8592133
hs1 225919877 225924340 0.8390447
hs2  73233420  73253021 0.8293692
hs4  74114174  74303099 0.9168399
hs15  79833585  79897379 0.6735967
hs17   7884806   7912760 0.7320872
hs12  95943293  95968716 0.5613306
hs1  33081104  33120530 0.8608515
hs5 128538013 129033642 0.8836968
hs14  23125295  23183674 0.7102804
hs10  95194200  95228928 0.9004149
hs11  18412307  18452058 0.7474012
hs1 153774354 153780157 0.8775934
hs14  20468954  20477094 0.7033195
hs7 151956379 152019934 0.4797508
hs11  67662162  67681200 0.8808290
hs11  73950319  73970366 0.9474768
hs3  42600614  42648741 0.8476684
hs1  91260766  91404869 0.7800830
hs11  18455824  18479600 0.7772021
hs11 119024114 119030906 0.6458982
hsX  75274085  75304600 0.7212435
hs7  27525442  27662995 0.7964694
hs10 132186900 132205776 0.7968912
hsX 109624244 109733403 0.9015544
hs11  93609760  93610333 0.7268951
hs3   9362842   9386791 0.3642040
hs9  34989641  34998900 0.9474768
hs1 161118086 161125445 0.8296989
hs1  19282558  19289250 0.8300518
hs13  36949775  37000261 0.6528067
hs3 112990918 113015060 0.9214064
hs10  73183362  73248862 0.9442724
hs17  19648136  19677598 0.8878505
hs4  83407343  83455856 0.7831950
hs14 104724186 104747325 0.9407484
hs3 193274790 193378843 0.9347826
hs7  73683025  73705161 0.7232050
hs12  50923472  50932517 0.7973113
hs16    784974    788397 0.8975155
hs5  55307760  55425581 0.7271784
hs19  12806580  12813638 0.8120457
hs6  30541377  30557174 0.9442149
hs15  66293217  66333898 0.8404145
hs10  18545561  18651622 0.8943005
hs22  45344063  45413619 0.8124352
hs13  52012398  52029664 0.6853583
hs1  51789191  51878937 0.7773153
hs4 122888697 122922968 0.5867082
hs15  78167468  78245688 0.8922280
hs12 56638175 56646068 1
