hs10  96832260  96981043 0.7222222
hs8  90993796  91041064 0.7204301
hs19  45212621  45234211 0.7096774
hs14  77024543  77028699 0.7096774
hs9   6328375   6331900 0.7096774
hs17   1270559   1271460 0.7083333
hs15  32641676  32697098 0.7065217
hs9  74497365  74693177 0.7052632
hs2  46698952  46763129 0.7052632
hs1  22117305  22143969 0.7052632
hs2 201182881 201229406 0.7052632
hs4  26481400  26490462 0.7052632
hs3  27715949  27722711 0.7052632
hs12 114670254 114684164 0.7052632
hs17  46833201  46886730 0.7052632
hs13  48653711  48711226 0.7052632
hs19  16888860  16892606 0.7052632
hs1 151806071 151831872 0.7052632
hs3  13816258  13880121 0.7052632
hs19  10223844  10231272 0.7052632
hs19  47290023  47322066 0.7052632
hs5  40679498  40693735 0.7052632
hs14  96204679  96244166 0.7052632
hs1 109539872 109548406 0.7052632
hs3  46353734  46360928 0.7052632
hs6 108166058 108188809 0.7052632
hs3 151873643 151884619 0.7052632
hs3 151294103 151316952 0.7052632
hs9 134317098 134440585 0.7052632
hs12 100473708 100564413 0.7052632
hs17  40058290  40093867 0.7052632
hs12  53210567  53232980 0.7052632
hs6 133889138 133895553 0.7052632
hs15  96325938  96340263 0.7052632
hs14  96255824  96268967 0.7052632
hs15  60488284  61229319 0.7052632
hs6  35342558  35428191 0.7052632
hs19  50329653  50382982 0.7052632
hs2 136114349 136118165 0.7052632
hs1  68098473  68233120 0.7052632
hs6 166157656 166168700 0.7052632
hs12  63142759  63150942 0.7052632
hs1  15490832  15526534 0.7052632
hsX 100627109 100639991 0.7052632
hsX 154257538 154271805 0.7052632
hsX 154257538 154271805 0.7052632
hsX 154257538 154271805 0.7052632
hsX 154257538 154271805 0.7052632
hsX 154257538 154271805 0.7052632
hsX 154257538 154271805 0.7052632
hsX 154257538 154271805 0.7052632
hsX 154257538 154271805 0.7052632
hsX 154257538 154271805 0.7052632
hsX 154257538 154271805 0.7052632
hsX 154257538 154271805 0.7052632
hsX 154257538 154271805 0.7052632
hsX 154257538 154271805 0.7052632
hsX 154257538 154271805 0.7052632
hsX 154257538 154271805 0.7052632
hsX 154257538 154271805 0.7052632
hsX 154257538 154271805 0.7052632
hsX 154257538 154271805 0.7052632
hsX 154257538 154271805 0.7052632
hsX 154257538 154271805 0.7052632
hsX 154257538 154271805 0.7052632
hsX 154257538 154271805 0.7052632
hsX 154257538 154271805 0.7052632
hsX 154257538 154271805 0.7052632
hsX 154257538 154271805 0.7052632
hsX 154257538 154271805 0.7052632
hsX 154257538 154271805 0.7052632
hs1 174448111 174449198 0.7052632
hs11  76186325  76210736 0.7052632
hs12  94567124  94650562 0.7052632
hs7  35202430  35254147 0.7052632
hs2  36531805  36646087 0.7052632
hs8  71841549  71844468 0.7052632
hs3 119173517 119205153 0.7052632
hs1 165400917 165445355 0.7052632
hs4 121329312 121381059 0.7052632
hs6  96794126  96837463 0.7052632
hs5 138083892 138092365 0.7052632
hs6 132617022 132624275 0.7052632
hs11   6259736   6272127 0.7052632
hs17  61452404  61485110 0.7052632
hs6  99919910  99994247 0.7052632
hs22  45920362  45977129 0.7052632
hs3  52433053  52445085 0.7052632
hs1  34865436  34929585 0.7052632
hs10  80454166  80533123 0.7052632
hs6  50713828  50772988 0.7052632
hs10  46461099  46465881 0.7052632
hs10  46461099  46465881 0.7052632
hs10  46461099  46465881 0.7052632
hs10  46461099  46465881 0.7052632
hs10  46461099  46465881 0.7052632
hs10  46461099  46465881 0.7052632
hs10  46461099  46465881 0.7052632
hs10  46461099  46465881 0.7052632
hs19    917287    921015 0.7052632
hs1  67701466  67833467 0.7052632
hsX 154144224 154159032 0.7052632
hs6  50818723  50847613 0.7052632
hs16  30085793  30091887 0.7052632
hs12 114353931 114408442 0.7052632
hs2  75046463  75199700 0.7052632
hs12  48965340  48971763 0.7052632
hs2  96859716  96870757 0.7052632
hs2 218880363 218899581 0.7052632
hs16   1078781   1080142 0.7052632
hs14  52314305  52328606 0.7021277
hs6  42696600  42722574 0.7021277
hs17   3397104   3398410 0.7021277
hs14  19935608  19936683 0.7021277
hs11  58266792  58268260 0.7021277
hs6 125119049 125264407 0.7021277
hs22  31436977  31496108 0.7021277
hs8  80034868  80231232 0.7021277
hs11  66002079  66004149 0.7021277
hs3 151326312 151329548 0.7021277
hs3  15042460  15065335 0.7010309
hs1 213983181 214041502 0.6989247
hs11  55343201  55344187 0.6989247
hs17  74924275  74933912 0.6989247
hs11 125445745 125496317 0.6989247
hs12 128267403 128707915 0.6989247
hsX  79170972  79172229 0.6979167
hs14  20457719  20461612 0.6979167
hs12 118063593 118136026 0.6979167
hs3  55465715  55490539 0.6979167
hs7 117276631 117323289 0.6979167
hs8   1501366   1708476 0.6979167
hs3 119780484 119818485 0.6979167
hs2 218981087 218985657 0.6979167
hs1 161229666 161238302 0.6979167
hs19  16661127  16690029 0.6979167
hs2 113215997 113278950 0.6979167
hs2 119439843 119524494 0.6979167
hs10 100463041 100483744 0.6979167
hs20  23035386  23036812 0.6979167
hs19  19623668  19628930 0.6979167
hs7 113078331 113087778 0.6979167
hs17  73165012  73176633 0.6979167
hs17  61399896  61409466 0.6979167
hs12  48978453  48981676 0.6979167
hs1 161070995 161089599 0.6979167
hs3  25174332  25597932 0.6979167
hs2 201116104 201176687 0.6979167
hs1 228007051 228061260 0.6979167
hs3  24117160  24495282 0.6979167
hs3  12287368  12434356 0.6979167
hs1  26911489  26913966 0.6979167
hs17  40309192  40357643 0.6979167
hs11  47354860  47378576 0.6979167
hs6  10393186  10419659 0.6979167
hs17  40092787  40100725 0.6979167
hs19   3172346   3180332 0.6979167
hs3  23945260  23980618 0.6979167
hs10 100969518 100985871 0.6979167
hs1  32072031  32102866 0.6979167
hs15  89748661  89751310 0.6979167
hsX  53049091  53080615 0.6979167
hs7  31337461  31340894 0.6979167
hs14  61995823  62112550 0.6979167
hs4 112513516 112516172 0.6979167
hs2 218859821 218874233 0.6979167
hs7 128772491 128775790 0.6979167
hs10  70247329  70283676 0.6979167
hs19  10512742  10517931 0.6979167
hs19  50418938  50431313 0.6979167
hs1 156147366 156177752 0.6979167
hs19  40665905  40690972 0.6979167
hs12 122714756 122716892 0.6979167
hs1 112466541 112530165 0.6979167
hs2  64092652  64144454 0.6979167
hs19  49335171  49343335 0.6979167
hs3  50155045  50189075 0.6979167
hs1 207006845 207099993 0.6979167
hs14  56117814  56301526 0.6979167
hs1 118883046 118989556 0.6979167
hs1 223220819 223364202 0.6979167
hs5 152391532 152433368 0.6979167
hs17  50962174  51120865 0.6979167
hs3  50267558  50277546 0.6979167
hs7 143288215 143307696 0.6979167
hs2 208359714 208854503 0.6979167
hs22  37204238  37212322 0.6979167
hsX 153902531 153907166 0.6979167
hs6 132588673 132589686 0.6979167
hs14  91232532  91253925 0.6979167
hs7  37905932  38025695 0.6979167
hs17  46762506  46833154 0.6979167
hs1 207104262 207144972 0.6979167
hs2 201233443 201287711 0.6979167
hs14  38207999  38213067 0.6979167
hs4  52020706  52038482 0.6956522
hs13  72727749  72756198 0.6956522
hs7  83363906  83649010 0.6947368
hs18   3496032   4455335 0.6947368
hs4  81030965  81057531 0.6947368
hsX  50910784  50916607 0.6947368
hs19  41301587  41353911 0.6947368
hs3 139005806 139357223 0.6947368
hs14  75958099  75982991 0.6947368
hs19  47274453  47275707 0.5128205
hs7 149872968 149880698 0.7303371
hs12   6491886   6493841 0.7222222
hs14  55027230  55049488 0.7127660
hs3 112332347 112362812 0.7096774
hs11   5488685   5489749 0.7096774
hs1 234604269 234609525 0.7096774
hs20  17693672  17735871 0.7065217
hs10  68827541  68895432 0.7065217
hs1 155033824 155050930 0.7065217
hs5 175440039 175444208 0.7052632
hs7  84995553  85186855 0.7052632
hs19  42247572  42255157 0.7052632
hs2 156324432 156342348 0.7052632
hs18  48919853  48950711 0.7052632
hs17  43527844  43579620 0.7052632
hs19  17231883  17245940 0.7052632
hs13  48389567  48444704 0.7052632
hs15  71792638  71818259 0.7052632
hs6  88139864  88166359 0.7052632
hs1  19665287  19679562 0.7052632
hs1  54007299  54018186 0.7052632
hs15  39799023  39920892 0.7052632
hs4 139028112 139177218 0.7052632
hs19  51450847  51458456 0.7052632
hs10 118589989 118595699 0.7052632
hs3  46201709  46208396 0.7052632
hs7  19144782  19145421 0.7052632
hsX  16123556  16153021 0.7052632
hs2 206175316 206218047 0.7052632
hs2 132416574 132646559 0.7052632
hs11 113409615 113475691 0.7052632
hs20  62214970  62220267 0.7052632
hs1  23191895  23194729 0.7052632
hs18  51028394  51085045 0.7052632
hs1 101236888 101241518 0.7052632
hs2 231108230 231125118 0.7052632
hs11 128458761 128587558 0.7052632
hs5 143277931 143435512 0.7052632
hs17  40553769  40565472 0.7052632
hs6  86937306  87016683 0.7052632
hs3   8750408   8769628 0.7052632
hs5  76615482  76623434 0.7052632
hs1 216503246 217137755 0.7052632
hs15  67063763  67195195 0.7052632
hs13  46831550  46897076 0.7052632
hs7  13891228  13991425 0.7052632
hs6 151656691 152129619 0.7052632
hs6  34537802  34556333 0.7052632
hs14  64084232  64338112 0.7052632
hs8  53225716  53251697 0.7052632
hsX 114584078 114910061 0.7052632
hs9  91409045  91423862 0.7052632
hs11  34621093  34661057 0.7052632
hs1 200027602 200177424 0.7052632
hs5  33936386  33938237 0.7052632
hs11  59514913  59515857 0.7052632
hs11 123942785 123943873 0.7052632
hs11   6767987   6769055 0.7052632
hs6  47781982  47832780 0.7052632
hs19  35443907  35451767 0.7052632
hs20  64105820  64107171 0.7052632
hs1 155941710 155942949 0.7052632
hs6 132538290 132539336 0.7052632
hs8  52938431  52941117 0.7052632
hs1 168079543 168137667 0.7052632
hs19  45589764  45602208 0.7052632
hs2  68467561  68655576 0.7052632
hs2  68467561  68655576 0.7052632
hsX 104566315 105767829 0.7052632
hs12  26938383  26966650 0.7052632
hs12  96194382  96269835 0.7052632
hs3 111070071 111275563 0.7052632
hs1 157092044 157099808 0.7052632
hs19  51795163  51826189 0.7052632
hs7 155070324 155085749 0.7052632
hsX   1462572   1537107 0.7052632
hs20  64080173  64100643 0.7052632
hs15  77041404  77083984 0.7052632
hs12 101475421 101486997 0.7052632
hs19   8302127   8308356 0.7052632
hsX  41688973  41697277 0.7052632
hs6  36354642  36387800 0.7052632
hs13  96985719  96994730 0.7052632
hs12  56994446  56996684 0.7052632
hs4   8558725   8619761 0.7052632
hs22  40678750  40682814 0.7052632
hs2 127645864 127652639 0.7052632
hs1  31617686  31632518 0.7052632
hs9  38408994  38424447 0.7052632
hsX  80014756  80031769 0.7052632
hs18  13882044  13915707 0.7052632
hs13  49220338  49222377 0.7052632
hs15  66702228  66782848 0.7052632
hs6  55106460  55282620 0.7052632
hs6 132644984 132646003 0.7052632
hs6 137492202 137494250 0.7052632
hs8  26748150  26867273 0.7052632
hs19  35358460  35360485 0.7052632
hs15  33968720  34067457 0.7052632
hs10 123666355 123694607 0.7052632
hs11  94377311  94401419 0.7052632
hs20  36306336  36528637 0.7052632
hs9 122940833 123104866 0.7052632
hs9 122940833 123104866 0.7052632
hs1  84498325  84506565 0.7052632
hs1 153661788 153671048 0.7052632
hs19  44809059  44821420 0.7052632
hs12 108288044 108339341 0.7052632
hs3 132597237 132618967 0.7052632
hsX 116170722 116174972 0.7052632
hs20  62708837  62762771 0.7052632
hs6 166999405 167139141 0.7052632
hs1 202007945 202017188 0.7052632
hs17  47733244  47746119 0.7052632
hs3  45886504  45903177 0.7052632
hs19  49948985  49961172 0.7052632
hs17  49202791  49210574 0.7052632
hs8  75407914  75566843 0.7052632
hs5  76818933  76835315 0.7052632
hs18  47808957  47931146 0.7052632
hs11  35943981  36232136 0.7040816
hs10  60026298  60733490 0.7021277
hs9 104526253 104527209 0.7021277
hs9 122526358 122527296 0.7021277
hs11  55572128  55573060 0.7021277
hs14  20197336  20198446 0.7021277
hs7 144095048 144096093 0.7021277
hs15 101805699 101806686 0.7021277
hs1 248452798 248453772 0.7021277
hs17  40748021  40755332 0.7021277
hs8 141356500 141367267 0.7021277
hs22  42639803  42640601 0.7021277
hs19  45883607  45886170 0.7021277
hs3 184031544 184039369 0.7021277
hs10 119029716 119033732 0.7000000
hs18  69831158  69961803 0.7000000
hs8  14089864  15238339 0.6989247
hs11  56232106  56233185 0.6989247
hs11  56988872  56989867 0.6989247
hs17  74935719  74949992 0.6989247
hs16  19856691  19886167 0.6989247
hs6 142058330 142088799 0.6979167
hs21  33070144  33072420 0.6979167
hs18  77250549  77277896 0.6979167
hs4  57030773  57110385 0.6979167
hs17  15944917  15975746 0.6979167
hs3  98531899  98533150 0.6979167
hs10 114044056 114046908 0.6979167
hs4 148078762 148444698 0.6979167
hs20  25070885  25082365 0.6979167
hs19  35666516  35678483 0.6979167
hs7 121325367 121341104 0.6979167
hs6  77462205  77463464 0.6979167
hs4 155208629 155217078 0.6979167
hs20   5302040   5314369 0.6979167
hs2 218162845 218166995 0.6979167
hs2  96112875  96116245 0.6979167
hs19  10111538  10115372 0.6979167
hs3 148697784 148743008 0.6979167
hs12  11649854  11895402 0.6979167
hs5 175658030 175686242 0.6979167
hs1  84811602  84893213 0.6979167
hs3  39329706  39333511 0.6979167
hs6  39048798  39087743 0.6979167
hs17  81804132  81814013 0.6979167
hs14  24311450  24318036 0.6979167
hs8  37962991  37966965 0.6979167
hs12  52022832  52059507 0.6979167
hs17  64319415  64413776 0.6979167
hs13  77895481  77919768 0.6979167
hs17  82374230  82375586 0.6979167
hs19  15049384  15058293 0.6979167
hs21  38380027  38661780 0.6979167
hs2 182833275 182867162 0.6979167
hs1  25543580  25568886 0.6979167
hs19   3052910   3063107 0.6979167
hs9  88991447  89005010 0.6979167
hs20  44355700  44432845 0.6979167
hs11  64305572  64316743 0.6979167
hs5 148451032 148677235 0.6979167
hs12  30926428  30996599 0.6979167
hs7  80742538  80922359 0.6979167
hs1 205597556 205631962 0.6979167
hs19  35641745  35644871 0.6979167
hs11  67631303  67639560 0.6979167
hs2 161416094 161425870 0.6979167
hs14  77335021  77377109 0.6979167
hs2  27149004  27156974 0.6979167
hs13  26755200  26760785 0.6979167
hs1 209938174 210171315 0.6979167
hs6 132570322 132571359 0.6979167
hs17  30316333  30334059 0.6979167
hs7  30938669  30993254 0.6979167
hs4   3766348   3768526 0.6979167
hs10  69571698  69573238 0.6979167
hs4 163343939 163351934 0.6979167
hs13  99254714  99261744 0.6979167
hs16   3144219   3149963 0.6979167
hs13  99294530  99307405 0.6979167
hs12  12660891  12696207 0.6979167
hsX 130064874 130110716 0.6979167
hs19  41673307  41706976 0.6979167
hs21  25734570  25772460 0.6979167
hs13  40931920  41061440 0.6979167
hs1 203090654 203167405 0.6979167
hs20  63005927  63007035 0.6979167
hs3  32951574  32956349 0.6979167
hs4   9781680   9784009 0.6979167
hs4   9781680   9784009 0.6979167
hs19   2511219   2702709 0.6979167
hsX  71615916  71618517 0.6979167
hs1  23870526  23913362 0.6979167
hs1 239386565 239915452 0.6979167
hs9 114402080 114505450 0.6979167
hs5 148825245 148828687 0.6979167
hs16  28846600  28874212 0.6979167
hs11 119308529 119321521 0.6979167
hs14  74852871  74871940 0.6956522
hs2 219569162 219575713 0.6947368
hs17  33013087  34174964 0.6947368
hs19  51752026  51770526 0.6947368
hs16  20031485  20073917 0.6947368
hs2 240605431 240631259 0.6947368
hs7 136868669 137020255 0.6947368
hs11  73264505  73298617 0.6947368
hsX  78271464  78327691 0.6947368
hs2 190055697 190062729 0.6947368
hs3  42804752  42887974 0.6947368
hs7 129502479 129512932 0.3333333
hs4 672436 674338 1
