hs3  33090421  33096801 0.4134328
hs21  46286337  46297751 0.4053254
hs12 102120185 102197520 0.3014587
hs1 145670852 145708148 0.4192593
hs11 119185457 119190223 0.4009077
hs12  66302545  66347645 0.3753846
hs12  22046174  22065674 0.5204082
hs5 177379235 177398848 0.3157076
hs21   5079294   5128425 0.2847682
hs1 151759643 151763564 0.6199158
hs1   1401908   1407313 0.6797967
hs11  59806135  59810872 0.6666667
hs10   7788129   7807815 0.6646778
hs9 122264603 122323464 0.6632783
hs16  69328621  69330595 0.6589744
hs17  75261674  75266373 0.6551313
hs4  83455932  83469735 0.6528117
hs1 175010789 175023425 0.6526442
hs10  73248843  73252693 0.6469194
hs22  46330875  46357340 0.6457831
hs2  75646783  75690851 0.6439024
hs19   6361452   6368908 0.6438849
hs1  31296982  31364953 0.6438026
hs17  63600872  63608365 0.6433735
hs11   6680782   6683401 0.6433566
hs17  36601572  36608971 0.6430260
hs13  41216369  41263577 0.6400000
hs6 152987362 153002685 0.6394948
hs11 126202094 126211692 0.6384439
hs3  25782917  25794534 0.6366822
hs17  50367857  50373214 0.6362587
hs14  67241109  67335819 0.6356322
hs19  10251901  10260045 0.6353078
hs2 201644870 201698694 0.6347926
hs17  45023340  45061109 0.6342593
hs12 123232916 123257959 0.6341743
hs3   3126916   3150879 0.6335260
hs2  55634063  55693910 0.6310795
hs7  24573268  24694193 0.6306099
hs1  39841022  39883511 0.6297578
hs1 156737303 156741590 0.6297262
hs20   5126786   5197887 0.6292005
hs10 122461525 122514908 0.6291619
hs2 215311817 215349773 0.6276102
hs10 103245887 103248016 0.6267123
hs1 234391313 234479103 0.6265207
hs12  10699089  10723312 0.6255034
hs16  23581002  23596356 0.6252927
hs4   8269765   8307111 0.6234214
hs17  50478800  50485975 0.6208589
hs1  42682395  42702349 0.6208278
hs17   7288252   7294615 0.6200000
hs2 210002565 210022259 0.6171171
hs14  64388031  64463457 0.6169265
hs9 135499984 135504673 0.6164994
hs11  72292425  72434680 0.6142857
hsX  41514934  41923463 0.6141907
hs3 136250306 136337896 0.6139955
hs6  42206801  42217865 0.6136364
hs19  17334920  17342735 0.6111111
hs21  33903453  33915980 0.6106304
hs1  26410778  26429722 0.6098226
hs2  45388680  45612165 0.6096698
hs3  10248023  10281218 0.6089814
hs12   6867119   6870948 0.6087912
hs3  48599002  48610976 0.6082353
hs17  40388516  40417950 0.6076087
hs3  25597905  25664907 0.6074155
hs7 103297422 103329511 0.6072261
hsMT     10760     12137 0.6049223
hs6  20534457  21232404 0.6046512
hsMT     12337     14148 0.6020539
hs12  32727490  32755902 0.6019629
hs8 124488485 124539458 0.6019523
hs20  33358839  33401561 0.6016260
hs10  14838164  14871741 0.5997843
hsMT      4470      5511 0.5992167
hs14  24232422  24239242 0.5984598
hsX 154295671 154330350 0.5982814
hs3  50569152  50596168 0.5980498
hs9   4709559   4742043 0.5978378
hs10  21756537  22003769 0.5976395
hs4 163471093 163473746 0.5976395
hs14  23953586  23969279 0.5976268
hs17   8247618   8270491 0.5972851
hs17    782273    792509 0.5972739
hs15  78264086  78282196 0.5972073
hsX    304529    318819 0.5968331
hs9 111631386 111670229 0.5965665
hs12  55820960  55830824 0.5963402
hs3  53224707  53256052 0.5963402
hs8 144078626 144080647 0.5963203
hs16  71565660  71577130 0.5961332
hs15  40765155  40807477 0.5961332
hs10  25016658  25026664 0.5957697
hs21  14371115  14383484 0.5957219
hs16   4425805   4456775 0.5957219
hs7  73680969  73683453 0.5954936
hs15  88467453  88480773 0.5954693
hs3 186567403 186597203 0.5952891
hs1   6634168   6701924 0.5950855
hs4  99896248  99946726 0.5950855
hs9 128832942 128882494 0.5950591
hs12  49346917  49357546 0.5948553
hs9 111631352 111654351 0.5946524
hs16  84122146  84145192 0.5946237
hs17  82035136  82037732 0.5944504
hs16  46884378  46931297 0.5943905
hs10  72332830  72355230 0.5942184
hs4 170060222 170091699 0.5941558
hs3 114005833 114088422 0.5935638
hs2  72887360  72892158 0.5934783
hs20  63895182  63936031 0.5931478
hs7 141738321 141787922 0.5928753
hs11  44065925  44084222 0.5924731
hs10  67796665  67838166 0.5922330
hs2  10439968  10448504 0.5919732
hs12  55720367  55724705 0.5918803
hs4   7058906   7068197 0.5918142
hs2  18554723  18560680 0.5916844
hs3 197509783 197573323 0.5914894
hs8  66021560  66100526 0.5914439
hs13  95677139  95794989 0.5912951
hs3  58427630  58433857 0.5910578
hs6  33204642  33206831 0.5908608
hs1  88935773  88992953 0.5908120
hsX 107628424 107651026 0.5903226
hs2 182716041 182794464 0.5902851
hs12  56951431  56959374 0.5902335
hs21  36134912  36146566 0.5901814
hs14  67676801  67695814 0.5901288
hs5 178208497 178232791 0.5895765
hs5  34998101  35048135 0.5895765
hs12  56752161  56787790 0.5893617
hs17  41976433  42021376 0.5891720
hs19  38915266  38930896 0.5890411
hs4  87336610  87391386 0.5885472
hs1   1751232   1780457 0.5879828
hs2 215996329 216082955 0.5879237
hs4 108742040 108763054 0.5876623
hs11   4094707   4138876 0.5871254
hs13 100089015 100530435 0.5871172
hs4 103079435 103099883 0.5870488
hs11  43556436  43856617 0.5870488
hs19  48813017  48836678 0.5866808
hs19  10013249  10022279 0.5866808
hs9 110243811 110256640 0.5866523
hs10 124397303 124418976 0.5865801
hs13 110641412 110713603 0.5864263
hs20   6006090   6040053 0.5864124
hs21  36069941  36073166 0.5863539
hs14  60144120  60169856 0.5862434
hs1  12567910  12617731 0.5862434
hsX  38352545  38421450 0.5860963
hs16  78099413  79212667 0.5859459
hs2 105037983 105099960 0.5856993
hs17  36591798  36600806 0.5856237
hs11  66848233  66958376 0.5856237
hs8 143603913 143609773 0.5855856
hs6 155257509 155314493 0.5855194
hs6 107152557 107459564 0.5854241
hs19   5784832   5791238 0.5853933
hsMT      9207      9990 0.5852601
hs4  37826633  37862937 0.5852334
hs3 183015218 183116075 0.5851852
hs18  46080248  46104334 0.5849844
hs9  32384603  32454769 0.5849673
hs10 102918293 103090221 0.5849269
hs6  80106647  80346270 0.5848850
hs1  26432282  26471294 0.5847458
hs4 168863770 169010275 0.5846477
hs11    747329    765024 0.5844311
hs5    218241    256700 0.5844298
hsX   1403139   1453762 0.5842956
hs11   3000922   3057613 0.5842105
hs17  18840085  18931287 0.5840336
hs8  20197367  20226819 0.5839416
hs11  66435075  66466738 0.5838641
hsMT      5904      7445 0.5838068
hs16    283152    287215 0.5837780
hs4  56393362  56435615 0.5837724
hs17  42950526  42964498 0.5836910
hs6   7881517   7910814 0.5836864
hs18   9885726   9889275 0.5834230
hs2  27217390  27243943 0.5834208
hs1 200623896 200669969 0.5832461
hs2  23748664  23927114 0.5831601
hs17  81932384  81942412 0.5831461
hs18  68673688  68715298 0.5830654
hs22  41469125  41528989 0.5830619
hs20  35668055  35699359 0.5829832
hs2 238060889 238099413 0.5828933
hs17  18271428  18315007 0.5828092
hs2  70935882  70965406 0.5827263
hsMT     10059     10404 0.5821326
hs11  17392885  17476845 0.5821206
hs3 128064778 128153914 0.5821206
hs12 104215779 104350305 0.5821053
hs4 145097932 145129179 0.5819502
hs8  56067295  56074581 0.5819328
hs1 150487364 150507609 0.5818561
hs5  55738017  55817157 0.5818561
hs21  43053191  43076943 0.5817985
hs1  51789191  51878937 0.5816203
hs5 168486445 168519299 0.5815900
hs6  99369400  99394204 0.5815760
hs1 235327350 235344532 0.5815678
hs21  42199689  42297244 0.5815161
hs11 119149012 119162653 0.5815161
hs3 186789880 186807058 0.5815161
hsX 152830967 152869729 0.5814455
hs11  71453109  71524107 0.5814208
hs9  35812960  35815354 0.5813704
hs15  45402331  45421419 0.5813472
hs17  46590669  46757464 0.5813472
hs2  43812472  43838865 0.5813472
hs7 149003062 149028641 0.5812965
hs3 155870536 155944026 0.5812236
hs1  11785723  11806920 0.5811966
hs22  21957025  21982816 0.5811518
hs9  68328308  68531061 0.5810956
hs19   5691834   5720572 0.5810811
hs17  63827152  63832026 0.5810811
hs2 163593396 163736012 0.5810811
hs2 218658764 218663443 0.5810811
hs1   1471769   1497848 0.5810811
hs3 113747019 113812056 0.5810811
hs6  49785934  49787187 0.5809822
hs19  14950034  15022990 0.4941860
hs12  53500921  53506431 0.4196970
hs10  47348371  47357875 0.5155096
hs9  98056739  98083075 0.3447205
hs16  69706996  69726951 0.4109375
hs3 126481281 126517773 0.3730650
hs7   4905989   4959213 0.3900929
hs13  43879284  43893932 0.5681159
hs4  25655301  25678748 0.3046875
hs4  88520985  88523813 0.3950617
hs6  30617709  30626395 0.3923664
hs11  28108248  28333507 0.6649810
hs7  23298739  23311729 0.6592689
hs9 127692978 127724873 0.6550868
hs4   2071918   2242121 0.6531646
hs12  57782589  57808071 0.6531365
hs15  90929964  90932569 0.6484375
hs5  31400497  31532196 0.6462985
hs22  43132206  43143394 0.6443618
hs8 120380761 120445402 0.6425287
hs2 197499994 197503457 0.6386651
hs8  54135210  54147901 0.6332180
hs15  40569300  40574943 0.6330691
hs2 174072447 174248698 0.6321185
hs16    784974    788397 0.6321185
hsX 154778684 154821007 0.6318807
hs1 228139962 228148984 0.6315789
hs10  28050993  28334486 0.6303100
hs8  38974164  38988662 0.6296296
hs4  84582979  84651338 0.6289017
hs2  74529377  74533348 0.6284722
hs10  80271820  80289684 0.6281465
hs17  43800799  43833170 0.6270208
hs17  43875357  43909711 0.6262976
hsX  70444861  70505490 0.6254335
hs2  85539165  85545280 0.6251429
hs8  37762593  37779767 0.6242707
hs9 127794597 127814327 0.6240091
hs6 150865549 151101887 0.6208054
hs6  32168212  32178096 0.6197183
hs19  35533412  35545316 0.6196868
hs15  65001512  65029639 0.6185682
hs17  82078338  82098332 0.6181411
hs3 197042560 197299300 0.6178862
hs3  32105689  32168713 0.6168981
hs6 104957048 105083332 0.6164384
hs12   6533927   6538374 0.6160714
hs12  50103819  50111319 0.6150289
hs17   7189890   7219702 0.6147636
hs7 134127299 134264591 0.6137931
hs2  74198562  74217565 0.6127232
hs4  74114174  74303099 0.6116071
hs16   8852942   8869012 0.6103542
hs10 103396648 103446292 0.6096491
hs4  56435741  56461368 0.6078431
hs22  41560763  41577741 0.6049046
hs6 143422832 143450673 0.6045714
hs1 212791828 212816626 0.6039173
hs1  33007984  33080996 0.6002155
hs17  43483865  43544463 0.6000000
hs16  46955362  46973788 0.5974304
hs21  33503931  33543491 0.5972073
hs5 139408588 139444491 0.5969989
hs5  34929593  34958964 0.5969989
hs6  16238580  16295549 0.5967033
hs9  34989641  34998900 0.5963597
hs4 127781821 127840733 0.5963597
hs6 107867756 107958189 0.5963402
hs9  33025211  33039907 0.5961538
hs1  77979175  78017964 0.5961332
hs22  40859549  40862126 0.5959271
hs8 144502973 144507174 0.5958830
hs9 132725578 132878777 0.5958606
hs1 161524540 161526910 0.5957219
hs17  28854938  28861067 0.5956989
hs1   1308567   1311677 0.5956757
hs11 123057489 123063230 0.5955176
hs3 128462439 128467248 0.5952891
hs6  31815464  31817946 0.5950855
hs6  31815464  31817946 0.5950855
hs6  31815464  31817946 0.5950855
hs6  31815464  31817946 0.5950855
hs6  31815464  31817946 0.5940171
hs6  31815464  31817946 0.5940171
hs6  31815464  31817946 0.5940171
hs6  31815464  31817946 0.5940171
hs11  64230278  64234286 0.5950855
hs11 119044189 119057202 0.5948553
hs5 133051962 133106449 0.5946524
hs14  64535905  64546173 0.5946524
hs5 138554882 138575444 0.5946524
hs13  31134974  31162388 0.5946524
hs11  73950319  73970366 0.5946524
hs2 169064789 169096167 0.5946524
hs19  14514770  14529770 0.5946524
hs2  27275421  27281499 0.5946237
hs2 219279267 219286900 0.5940171
hs6  31809619  31815065 0.5938166
hs2 197515571 197553699 0.5936396
hs2 197515571 197553699 0.5936396
hs7 157335381 157417439 0.5935829
hs16  67430652  67437553 0.5935484
hs3 112990918 113015060 0.5934426
hs9 127866480 127877743 0.5933831
hs11  44047981  44059977 0.5931109
hs12 109116595 109268226 0.5926724
hs7 108569568 108574850 0.5925134
hs9 125234853 125241330 0.5925134
hs1  15526813  15592379 0.5923159
hs10  73183362  73248862 0.5922747
hs22  40346500  40369367 0.5922330
hs11  31369840  31432832 0.5918803
hs1  77282051  77559969 0.5916844
hs5 149345430 149354583 0.5915649
hs1 244408494 244452134 0.5915493
hs14 104724186 104747325 0.5911063
hs16  82035004  82098534 0.5908608
hs1 119031216 119140671 0.5908608
hs17  16683438  16684227 0.5907336
hs11  83455012  85627922 0.5904872
hs1 209686178 209734950 0.5904255
hs3  49024325  49029408 0.5902703
hs16   8674565   8784575 0.5902174
hs1  28199456  28233025 0.5901639
hsX  53431258  53434373 0.5899894
hs12  56923154  56934405 0.5899894
hs5 131159027 131171735 0.5899358
hs6 109492856 109691217 0.5898816
hs14  23969874  24006408 0.5896885
hs14  23969874  24006408 0.5896885
hs14  23969874  24006408 0.5896885
hs14  23969874  24006408 0.5896885
hs14  23969874  24006408 0.5859459
hs14  23969874  24006408 0.5859459
hs14  23969874  24006408 0.5859459
hs14  23969874  24006408 0.5859459
hs16    401826    412487 0.5891720
hs17  21123364  21193265 0.5891720
hs1  65147549  65232145 0.5891720
hs1  65147549  65232145 0.5891720
hs1  65147549  65232145 0.5891720
hs1  65147549  65232145 0.5891720
hs1  65147549  65232145 0.5887354
hs1  65147549  65232145 0.5887354
hs1  65147549  65232145 0.5887354
hs1  65147549  65232145 0.5887354
hs4  87303789  87322906 0.5889831
hs4 174490177 174523154 0.5889831
hs8  73294612  73325281 0.5889831
hs3 126103562 126197994 0.5889831
hs14  24290598  24299833 0.5889244
hs14  23630115  23645639 0.5887354
hs19  55039108  55071291 0.5887354
hs8  56300010  56320776 0.5883598
hs1 241497603 241519761 0.5879828
hs17   9771434   9791297 0.5879237
hs9  96235306  96302152 0.5876727
hs17  28897781  28903071 0.5874200
hs8  90001405  90052092 0.5873016
hs17  37084988  37406818 0.5872340
hs18  63327726  63367510 0.5871172
hs5 119452443 119637199 0.5868644
hsX   2219516   2502805 0.5867945
hs7 128392277 128410252 0.5866523
hs2 210477682 210679107 0.5865385
hs17  42549214  42555213 0.5864263
hs9   5084999   5086112 0.5862434
hs12 105019784 105084577 0.5862434
hs7  66075798  66093558 0.5858250
hs14  67701886  67734452 0.5858051
hs19   5680604   5688523 0.5848453
hs2  96816245  96833911 0.5844749
hs15  78437431  78501456 0.5843308
hs9 110303521 110337884 0.5841372
hs19   1905378   1913447 0.5839161
hs10 116849512 116911788 0.5837724
hs5  62387254  62403939 0.5836820
hs1 113390749 113685923 0.5835294
hs19  12922479  12934037 0.5835073
hs1   1449689   1470158 0.5831601
hs10 130136399 130184521 0.5828025
hs9  99979179 100099040 0.5827957
hs11  74330318  74398473 0.5825991
hs2  96760902  96811891 0.5824916
hs22  36467036  36482030 0.5824524
hs1  70411218  70439851 0.5823928
hs3 123067062 123225227 0.5822650
hs2 214931542 215138428 0.5821206
hs17  69078702  69141888 0.5821206
hs20  62183029  62203568 0.5819502
hs17  68867292  68955392 0.5819502
hs12  39550033  39619751 0.5819502
hs3 126571779 126655155 0.5819328
hs3 126571779 126655155 0.5819328
hs13  94574051  94596257 0.5819149
hs17  42950526  42980528 0.5817410
hs7  48171458  48647496 0.5816857
hs13  95019829  95301433 0.5815161
hs8  30678061  30727926 0.5815161
hs17  18087886  18107971 0.5815161
hs12 122920951 122981649 0.5815161
hs16  15949577  16143074 0.5813472
hs6   5261044   5771580 0.5813472
hs7 151207837 151227230 0.5813472
hs2 171999583 172082430 0.5812500
hs14  95086228  95158010 0.5811518
hs7  18026774  18027863 0.5811518
hsX  75053172  75156732 0.5810811
hs2 219209768 219218990 0.5810811
hs19   1040101   1065572 0.5810811
hs10  99782732  99852192 0.5810811
hs17  55392613  55421992 0.4246575
hs3   9837849   9844602 0.4948755
hsMT 8527 9207 1
