hs1 203765176 203776233 0.7500000
hs5 180590103 180591540 0.7352941
hs22  46049478  46054144 0.2258065
hs20  45221300  45224458 0.3333333
hs8  11993174  11996312 0.5714286
hs4   9444534   9450514 0.3846154
hs22  23608452  23632321 0.4666667
hs16   3493484   3495480 0.7812500
hs3 107377194 107378637 0.7272727
hs3  73061659  73063337 0.3200000
hs8  11973937  11974599 0.4074074
hs21  30337013  30337694 0.7812500
hs13 102729369 102759070 0.4722222
hs8  11982321  11984590 0.6774194
hs10  47995355  47999791 0.7096774
hs10  47995355  47999791 0.7096774
hs10  47995355  47999791 0.7096774
hs10  47995355  47999791 0.7096774
hs10  47995355  47999791 0.7096774
hs10  47995355  47999791 0.7096774
hs10  47995355  47999791 0.7096774
hs10  47995355  47999791 0.7096774
hs10  47995355  47999791 0.7096774
hs10  47995355  47999791 0.7096774
hs10  47995355  47999791 0.7096774
hs10  47995355  47999791 0.7096774
hs10  47995355  47999791 0.7096774
hs10  47995355  47999791 0.7096774
hs10  47995355  47999791 0.7096774
hs10  47995355  47999791 0.7096774
hs10  47995355  47999791 0.7096774
hs10  47995355  47999791 0.7096774
hs10  47995355  47999791 0.7096774
hs10  47995355  47999791 0.7096774
hs10  47995355  47999791 0.7096774
hs10  47995355  47999791 0.7096774
hs10  47995355  47999791 0.7096774
hs10  47995355  47999791 0.7096774
hs10  47995355  47999791 0.7096774
hs10  47995355  47999791 0.7096774
hs10  47995355  47999791 0.7096774
hs12  10929236  10932341 0.3235294
hs12  11307083  11310435 0.2758621
hs8   6996766   7018289 0.4642857
hs8   6996766   7018289 0.4642857
hs8   6996766   7018289 0.4642857
hs8   6996766   7018289 0.4642857
hs8   6996766   7018289 0.4642857
hs8   6996766   7018289 0.4642857
hs8   6996766   7018289 0.4642857
hs8   6996766   7018289 0.4642857
hs4  69995930  70002570 0.3846154
hs17  41033884  41034855 0.7575758
hs17  41314917  41315695 0.5000000
hs17  40993430  40994133 0.7812500
hs17  41026026  41027202 0.7575758
hs17  41008521  41019324 0.8064516
hs17  40999193  40999894 0.8064516
hs17  41249687  41250653 0.7812500
hs7 137513832 137514238 0.3703704
hs8  56211686  56218798 0.7333333
hs12  10845849  11171598 0.2571429
hs10 133420666 133424572 0.5312500
hs11  60201253  60243088 0.6538462
hs8   7487669   7489593 0.5769231
hs8   7487669   7489593 0.5769231
hs8   7487669   7489593 0.5769231
hs8   7487669   7489593 0.5769231
hs8   7487669   7489593 0.5769231
hs8   7487669   7489593 0.5769231
hs8   7487669   7489593 0.5769231
hs8   7487669   7489593 0.5769231
hs1 175156987 175192999 0.2647059
hs17  41232475  41239004 0.7812500
hs12 116856144 116881441 0.4482759
hs16  60358455  60359480 0.5357143
hs11 114391443 114400550 0.7333333
hs10  32446140  32574564 0.5666667
hs8   7442684   7463674 0.7000000
hs8   7442684   7463674 0.7000000
hs8   7442684   7463674 0.7000000
hs8   7442684   7463674 0.7000000
hs8   7442684   7463674 0.4827586
hs8   7442684   7463674 0.4827586
hs8   7442684   7463674 0.4827586
hs8   7442684   7463674 0.4827586
hs4  70334966  70337116 0.6875000
hs8 142700111 142705127 0.6451613
hs1 154993586 154994315 0.6774194
hs16  31527864  31528803 0.7352941
hs17  41040559  41041461 0.7812500
hs21  30281309  30282958 0.7575758
hs17  41232463  41233454 0.7575758
hsX  72872025  72943814 0.7500000
hsX  72872025  72943814 0.7500000
hsX  72872025  72943814 0.7500000
hsX  72872025  72943814 0.7500000
hsX  72872025  72943814 0.7500000
hsX  72872025  72943814 0.7500000
hsX  72872025  72943814 0.7500000
hsX  72872025  72943814 0.7500000
hs9  60914374  60920650 0.7500000
hs19  43401496  43418597 0.7500000
hs4  87821411  87846817 0.7500000
hs1 206904386 206923247 0.7500000
hs17  41059240  41060114 0.7352941
hs17  41059240  41060114 0.7352941
hs17  41059240  41060114 0.7352941
hs17  41059240  41060114 0.7352941
hs17  41059240  41060114 0.7352941
hs17  41059240  41060114 0.7352941
hs17  41059240  41060114 0.7352941
hs17  41059240  41060114 0.7352941
hs17  41189853  41227652 0.7352941
hs13  36168208  36214615 0.7272727
hs13  36168208  36214615 0.7272727
hs9  66986304  66992583 0.7272727
hs6  31676684  31684040 0.7187500
hs12  27081058  27082514 0.7187500
hs2 216859458 216860064 0.7187500
hs6  31718594  31726714 0.7187500
hs20   3846799   3876123 0.7187500
hs17  41226653  41256364 0.7142857
hs11  71527301  71549167 0.7142857
hs17  41029697  41030104 0.7142857
hs17  41046541  41047316 0.7142857
hs20  33235995  33243311 0.7142857
hs7 150800403 150805120 0.7142857
hs19   6583183   6604103 0.7058824
hs17   4733526   4739922 0.7058824
hs12  57010000  57028883 0.7058824
hs10  96343216  96359365 0.6969697
hs5 115828200 115841858 0.6969697
hs11  62405103  62423195 0.6969697
hs14  93202894  93207094 0.6969697
hs11 112086773 112120013 0.6875000
hs3 139005468 139006268 0.6875000
hs1 150268200 150280916 0.6875000
hsX 107980864 107982370 0.6875000
hs20  37521215  37523693 0.6875000
hs5 140125935 140129392 0.6875000
hs4   6640091   6642745 0.6875000
hs19   6530999   6535928 0.6857143
hs7 149714781 149734575 0.6857143
hs19  35497220  35513658 0.6774194
hsX  52891306  52908560 0.6774194
hsX  52891306  52908560 0.6774194
hsX  52891306  52908560 0.6774194
hsX  52891306  52908560 0.6774194
hsX  52891306  52908560 0.6774194
hsX  52891306  52908560 0.6774194
hsX  52891306  52908560 0.6774194
hsX  52891306  52908560 0.6774194
hs5 111070062 111078024 0.6764706
hs10  79703227  79714681 0.6756757
hs17  41054498  41055230 0.6756757
hs9  94318196  94328644 0.6756757
hs19  43646095  43670547 0.6666667
hsX 103215092 103217246 0.6666667
hs1 172420688 172468831 0.6666667
hs9  39355702  39361959 0.6666667
hs20    142369    145751 0.6666667
hs19  44662278  44684359 0.6578947
hs12  49582885  49605639 0.6578947
hs10  87225448  87236908 0.6578947
hs16   3022620   3024286 0.6578947
hs14  20955452  20956436 0.6578947
hs4  70196496  70204576 0.6571429
hs6  31715356  31717804 0.6571429
hs16  11273218  11273641 0.6562500
hs6  31586124  31588909 0.6562500
hs19  43353659  43363172 0.6486486
hs1 173183734 173207313 0.6486486
hsX  49269843  49301461 0.6486486
hs22  30262829  30266840 0.6470588
hsX 103309346 103311046 0.6470588
hsX 103252995 103255203 0.6470588
hsX 103356445 103358469 0.6470588
hsX 103330196 103332326 0.6470588
hs16  11267748  11269533 0.6451613
hs7  99558406  99576453 0.6451613
hs17  41189887  41190639 0.6410256
hs14  20891399  20892348 0.6410256
hs19  46486906  46496498 0.6388889
hs19  46466491  46471563 0.6388889
hs9   6215786   6257983 0.6363636
hs22  43110748  43129712 0.6363636
hs5 171785872 171794598 0.6363636
hs1 159062484 159147096 0.6315789
hs1 178513077 178548602 0.6315789
hs12  56334174  56340410 0.6315789
hs14  21098937  21103724 0.6315789
hsX 103628704 103630953 0.6285714
hsX 103062651 103064240 0.6285714
hs9  27284659  27297139 0.6250000
hs11  60056587  60071128 0.6250000
hs7 135092363 135170795 0.6250000
hsX  55143102  55161310 0.6250000
hs1 237004103 237004418 0.6250000
hs1 151047740 151051986 0.6216216
hs16  28931939  28939346 0.6153846
hs1  25831913  25859458 0.6153846
hs11  66744451  66843324 0.6153846
hs11  60515413  60542721 0.6153846
hs22  41688939  41698136 0.6129032
hs8   7428888   7430348 0.6111111
hs8   7428888   7430348 0.6111111
hs8   7428888   7430348 0.6111111
hs8   7428888   7430348 0.6111111
hs8   7428888   7430348 0.6111111
hs8   7428888   7430348 0.6111111
hs8   7428888   7430348 0.6111111
hs8   7428888   7430348 0.6111111
hs6  31670167  31673776 0.6111111
hs11  64269830  64284704 0.6097561
hs1 152985231 152985500 0.6097561
hs11 118925164 118958559 0.6097561
hs1 153031202 153032900 0.6097561
hs14  20781051  20782467 0.6097561
hs2  24175069  24200849 0.6097561
hs9  34379019  34397832 0.6097561
hs16  67170154  67175735 0.6097561
hs1 152579381 152580504 0.4642857
hs1 153070224 153070840 0.3461538
hs20  45206997  45209772 0.3333333
hs8  66667615  66685564 0.3076923
hs19  49118397  49119140 0.3571429
hs3  48917788  48919385 0.2142857
hs19  50797704  50804929 0.3333333
hs8   7836471   7841242 0.5000000
hs8   7836471   7841242 0.5000000
hs8   7836471   7841242 0.5000000
hs8   7836471   7841242 0.5000000
hs8   7836471   7841242 0.5000000
hs8   7836471   7841242 0.5000000
hs8   7836471   7841242 0.5000000
hs8   7836471   7841242 0.5000000
hs5 115124762 115180546 0.4642857
hs8   7055304   7056734 0.4814815
hs10  87859161  87863437 0.5666667
hs12   7765216   7774121 0.3750000
hs21  44637356  44638455 0.7575758
hs21  44697172  44698044 0.7352941
hs21  44654213  44654659 0.6756757
hsX  48831094  48835633 0.5666667
hs20  56517187  56526142 0.7812500
hs20  56517187  56526142 0.7812500
hs20  56517187  56526142 0.7812500
hs20  56517187  56526142 0.7812500
hs20  56517187  56526142 0.7812500
hs20  56517187  56526142 0.7812500
hs20  56517187  56526142 0.7812500
hs20  56517187  56526142 0.7812500
hs21  30289145  30289514 0.6000000
hs6  31111223  31112559 0.7419355
hs5 179641544 179645046 0.4333333
hs1  16004236  16008807 0.6774194
hs6  36390551  36442889 0.5000000
hs17  20579724  20580911 0.3571429
hsX 143508735 143517475 0.3703704
hs12  54830519  54858393 0.3448276
hs20  31404845  31412838 0.7419355
hs20  31465506  31476757 0.5666667
hs7  26637871  26647305 0.3333333
hs8  12064389  12071747 0.3448276
hs8  12064389  12071747 0.3448276
hs8  12064389  12071747 0.3448276
hs8  12064389  12071747 0.3448276
hs8  12064389  12071747 0.3448276
hs8  12064389  12071747 0.3448276
hs8  12064389  12071747 0.3448276
hs8  12064389  12071747 0.3448276
hs4  70360761  70367158 0.3846154
hs20  33161768  33181412 0.7575758
hs5  61643364  61704033 0.4800000
hs11   1597177   1598294 0.7142857
hs9   5231419   5235304 0.4642857
hs11  71527267  71528674 0.7352941
hs1 152510844 152512177 0.2903226
hs21  44681576  44682163 0.7575758
hs1 152663396 152664659 0.3055556
hs1 152565654 152566772 0.4642857
hs11   1584342   1585283 0.2972973
hs8   7414860   7416863 0.4838710
hs8   7414860   7416863 0.4838710
hs8   7414860   7416863 0.4838710
hs8   7414860   7416863 0.4838710
hs8   7414860   7416863 0.4838710
hs8   7414860   7416863 0.4838710
hs8   7414860   7416863 0.4838710
hs8   7414860   7416863 0.4838710
hs19  39530990  39532854 0.6666667
hs21  30812697  30813252 0.8214286
hs11   1697195   1697755 0.2857143
hs3  37417267  37417626 0.4615385
hs17  52985520  52987652 0.3333333
hs20  45534196  45539495 0.7142857
hs4  70028413  70036538 0.3600000
hs4  69931081  69946574 0.5517241
hs11  62190216  62193539 0.7419355
hsX  52862525  52868068 0.6666667
hs8   6924693   6926076 0.4444444
hs4  70050402  70058845 0.3846154
hs19  35487324  35495558 0.8148148
hs20  31377164  31390603 0.5517241
hs19  34593329  34675699 0.2800000
hs4  70226071  70235252 0.3928571
hs12  49323236  49331731 0.7575758
hs8   6996837   7018301 0.4814815
hs8   6935822   6938338 0.4814815
hs4 144109303 144140751 0.6400000
hs10 133309410 133352683 0.5937500
hs15  71110244  71115494 0.2162162
hs1 159834474 159855347 0.6206897
hs17  41265339  41266641 0.7812500
hs6  49960249  49964105 0.4642857
hs11 122115354 122116215 0.3846154
hs1  26317957  26320523 0.5384615
hs5 132060529 132063204 0.5862069
hs16  30023334  30027736 0.7419355
hs17   7425615   7427568 0.7419355
hs16  60358455  60359480 0.4838710
hs17   7581964   7584072 0.2000000
hs16  60358455  60359480 0.5000000
hs17  18537800  18625617 0.5312500
hs20  32858923  32961609 0.5172414
hs20  32858923  32961609 0.5172414
hsX  72938163  72938958 0.3076923
hs12   7711454   7717559 0.7096774
hs12   7711454   7717559 0.7096774
hs12   7711454   7717559 0.7096774
hs12   7711454   7717559 0.7096774
hs12   7711454   7717559 0.7333333
hs12   7711454   7717559 0.7333333
hs12   7711454   7717559 0.7333333
hs12   7711454   7717559 0.7333333
hs1 156337314 156346995 0.6666667
hs19  57958437  57974534 0.7000000
hs5  58491435  58497090 0.6875000
hs13 112376319 112434689 0.5862069
hs1 158930796 158977054 0.6875000
hs1 145289900 145405778 0.4827586
hs12  27466810  27502185 0.6666667
hs1  10946471  10982037 0.4166667
hs10  97332497  97334709 0.5128205
hs2 113022091 113052867 0.7272727
hs2  10056780  10080944 0.3666667
hs11  60334831  60396596 0.9259259
hs11  71548418  71549553 0.8275862
hs17   8339864   8346046 0.8000000
hs6  31115090  31120446 0.7812500
hs20  33217310  33227758 0.7812500
hs14  20582892  20609795 0.7812500
hs5 132541444 132556838 0.7575758
hs21  44538981  44540195 0.7575758
hs22  20148427  20151065 0.7575758
hs4 122451470 122456725 0.7500000
hs11  60040275  60048044 0.7500000
hs5 132656263 132661110 0.7500000
hs21  30829039  30829759 0.7500000
hs9  61190003  61196280 0.7500000
hs17   7420360   7421632 0.7500000
hs1  40245947  40251691 0.7500000
hs11 125788111 125791600 0.7500000
hs1  67092165  67231853 0.7500000
hs14  20556093  20560931 0.7500000
hs7  43866558  43906589 0.7419355
hs2 231592901 231594283 0.7419355
hs11  71579714  71603353 0.7352941
hs21  44600597  44612906 0.7352941
hs21  30396074  30396822 0.7352941
hs21  44557790  44558760 0.7352941
hs21  44646657  44658341 0.7352941
hs11 133840631 133845538 0.7352941
hs1 244352635 244389663 0.7352941
hs3  48620759  48621855 0.7272727
hs21  30440275  30440945 0.7272727
hs15  68818221  68946811 0.7272727
hs19  41837074  41844697 0.7272727
hs9  35041095  35045991 0.7272727
hs17  41712326  41715969 0.7272727
hs20   2814987   2815833 0.7187500
hs21  30425265  30425968 0.7187500
hs10 122697709 122699822 0.7187500
hs17  45254393  45262112 0.7187500
hs20  31368618  31373923 0.7187500
hs20  31440519  31450257 0.7187500
hs11 125776113 125778819 0.7187500
hs21  44612079  44612954 0.7142857
hs21  44579737  44592505 0.7142857
hs20  45372563  45407889 0.7142857
hs17  41275659  41276697 0.7142857
hs14  74493720  74497106 0.7096774
hs6  50009138  50021981 0.7096774
hs2 112773915 112784590 0.7058824
hs1  51102234  51148086 0.7058824
hs7  73861159  73865893 0.7058824
hs15  24675868  24683393 0.7058824
hs6  49550646  49561907 0.7000000
hs21  30348399  30348609 0.7000000
hs15  79898840  79923702 0.7000000
hs3 112120841 112133305 0.6969697
hs20    187853    189681 0.6969697
hs11 123882926 123885642 0.6969697
hs16  89657802  89671272 0.6969697
hs6   4079209   4130951 0.6969697
hsX  83861126  83886699 0.6969697
hs5 147880726 147906538 0.6969697
hs14  20731699  20748380 0.6969697
hs17   7355123   7357219 0.6969697
hs11  62242210  62244808 0.6969697
hs5 132073790 132076170 0.6969697
hs16  28499362  28512051 0.6944444
hs21  44646414  44697984 0.6944444
hs21  44579455  44580604 0.6944444
hs9   5131979   5185668 0.6944444
hs16  29742463  29746006 0.6944444
hs9  81988772  81995256 0.6578947
hs9  81988772  81995256 0.6578947
hs9  81988772  81995256 0.6578947
hs9  81988772  81995256 0.6578947
hs9  81988772  81995256 0.6578947
hs9  81988772  81995256 0.6578947
hs9  81988772  81995256 0.6578947
hs9  81988772  81995256 0.6578947
hs9  81988772  81995256 0.6578947
hs9  81988772  81995256 0.6944444
hs9  81988772  81995256 0.6944444
hs9  81988772  81995256 0.6944444
hs9  81988772  81995256 0.6944444
hs9  81988772  81995256 0.6944444
hs9  81988772  81995256 0.6944444
hs9  81988772  81995256 0.6944444
hs9  81988772  81995256 0.6944444
hs9  81988772  81995256 0.6944444
hs9  81988772  81995256 0.6578947
hs9  81988772  81995256 0.6578947
hs9  81988772  81995256 0.6578947
hs9  81988772  81995256 0.6578947
hs9  81988772  81995256 0.6578947
hs9  81988772  81995256 0.6578947
hs9  81988772  81995256 0.6578947
hs9  81988772  81995256 0.6578947
hs9  81988772  81995256 0.6578947
hs5 147870682 147882191 0.6944444
hs2  61145068  61164829 0.6875000
hs11  66975277  66977004 0.6875000
hs3 139019031 139020926 0.6875000
hs1 158999968 159055155 0.6875000
hs3 139042102 139044892 0.6875000
hsX 102153708 102156057 0.6875000
hs2  88524651  88529584 0.6875000
hs10 122849078 122879641 0.6875000
hs4   6707701   6709880 0.6875000
hs11  62296277  62299064 0.6875000
hs10 122910701 122913111 0.6875000
hs6  30931353  30932175 0.6875000
hs10  95907603  95938723 0.6857143
hs9  42183659  42189882 0.6857143
hs19  42428288  42443048 0.6774194
hsX  37990817  37991317 0.6774194
hs7 100572228 100573820 0.6774194
hs20  45607939  45631268 0.6774194
hs20    257736    261096 0.6774194
hs13 111316184 111344249 0.6774194
hs6  50043575  50048651 0.6774194
hs7 128455849 128458418 0.6774194
hs11 125746293 125749867 0.6764706
hs15  34343315  34357737 0.6756757
hs6  37212180  37258155 0.6756757
hs21  44627123  44628293 0.6756757
hs21  44550357  44551505 0.6756757
hs11   1607565   1608463 0.6756757
hs21  30319124  30320316 0.6756757
hs21  44573729  44575371 0.6756757
hs7 130668648 130687432 0.6756757
hs9  34723055  34729467 0.6756757
hs21  30880644  30881555 0.6756757
hs21  30348075  30425912 0.6756757
hs4  70518540  70532742 0.6756757
hs13  42781550  42791549 0.6756757
hs17  37375986  37392708 0.6666667
hs1 158831317 158849506 0.6666667
hs20   2814968   2818066 0.6666667
hs9 129612225 129620776 0.6666667
hs20  45886489  45887635 0.6666667
hs1 153203443 153205120 0.6666667
hs2  27136848  27139410 0.6666667
hs17   4899418   4902932 0.6666667
hs7 100456615 100464271 0.6666667
hs10  44970981  44978810 0.6666667
hs4  69955256  69961007 0.6666667
hs6  73368555  73395133 0.6666667
hs16  67666816  67668758 0.6666667
hs19  41443158  41444765 0.6666667
hs19  49474207  49486231 0.6666667
hs11  64300446  64304770 0.6666667
hsX 103376340 103378077 0.6666667
hs20   4721910   4728460 0.6578947
hs19  10286967  10288522 0.6578947
hs10  49131154  49134008 0.6578947
hs7 130207860 130216843 0.6578947
hs9 113410054 113429684 0.6578947
hs17   5208961   5234860 0.6571429
hs1 247507058 247577690 0.6571429
hs12  48183584  48185926 0.6571429
hs17  15436015  15503608 0.6571429
hs16  28984826  28990783 0.6571429
hs19  46120071  46124674 0.6562500
hs8 142834247 142916506 0.6562500
hs19  44942238  44949565 0.6562500
hs19  44942238  44949565 0.6562500
hs6  31528717  31530232 0.6562500
hs17  82359247  82363776 0.6551724
hs9  24542952  24545946 0.6486486
hs22  21632716  21637327 0.6486486
hs11 125833316 125840069 0.6470588
hs16   2883186   2899382 0.6470588
hs7 144186083 144195655 0.6470588
hsX 147981329 148026667 0.6470588
hs1 111473792 111478512 0.6470588
hs9  87882826  87888899 0.6470588
hs1  46545644  46551527 0.6470588
hs12 122172030 122174199 0.6451613
hs11  62270155  62273156 0.6451613
hs19  46143106  46161299 0.6451613
hs19  46229752  46231243 0.6451613
hs19  46039748  46077118 0.6451613
hs16  49373823  49399431 0.6410256
hs19  10836575  10869790 0.6410256
hs1 162373203 162376870 0.6410256
hs14  21032820  21034785 0.6410256
hs1  46668855  46673594 0.6410256
hs19  39246314  39248856 0.6388889
hs9  35649295  35650950 0.6388889
hs9 137224635 137226311 0.6388889
hs6  73353062  73354295 0.6388889
hs20    157470    159163 0.6388889
hs8  98064311  98093610 0.6388889
hs9 137170858 137172409 0.6363636
hsX  71714371  71718151 0.6363636
hsX  71714371  71718151 0.6363636
hsX  71714371  71718151 0.6363636
hsX  71714371  71718151 0.6363636
hsX  71714371  71718151 0.6363636
hsX  71714371  71718151 0.6363636
hsX  71714371  71718151 0.6363636
hsX  71714371  71718151 0.6363636
hs20  45648563  45670270 0.6363636
hs20  45684653  45705019 0.6363636
hs20  45629526  45631196 0.6363636
hs17  35760897  35765079 0.6363636
hs16  66552563  66579135 0.6363636
hs4  70628744  70686816 0.6315789
hs11   6205566   6211132 0.6315789
hs12  48995149  48999309 0.6315789
hs19  50152548  50163195 0.6285714
hs19   7676628   7679826 0.6285714
hs5 135892246 135895827 0.6285714
hs9  86220265  86259657 0.6250000
hs16  56682424  56684196 0.6250000
hs4  70592256  70607288 0.6250000
hs11   1629775   1630707 0.6250000
hs16  30896607  30903560 0.6250000
hs16  56632233  56633986 0.6250000
hs20  45702016  45708817 0.6250000
hsX 154823348 154834662 0.6250000
hs14  21057822  21058455 0.6250000
hs4  86876205  86936202 0.6216216
hs8  78675743  78805523 0.6216216
hs16  85690084  85751129 0.6216216
hs18  54587757  54599493 0.6216216
hs4  70242588  70251428 0.6176471
hs20    227258    229886 0.6176471
hsX 126819764 126821786 0.6176471
hsX 134565838 134764322 0.6153846
hs11 116829706 116833072 0.6153846
hs3  49268602  49277909 0.6153846
hs17    137526    139067 0.6153846
hs3  50279027  50288114 0.6153846
hs2 230203110 230313215 0.6153846
hs12 132603150 132610543 0.6129032
hs9  34521040  34523041 0.6111111
hs12  14803572  14906586 0.6111111
hs19  39538250  39540230 0.6111111
hs1 212830141 212847649 0.6111111
hs20  23602410  23605876 0.6111111
hs17  74466416  74484796 0.6111111
hs19  48740852  48746909 0.6097561
hs7 128241284 128257628 0.6097561
hs7 150791285 150801360 0.6097561
hs20   5750393   5863912 0.6097561
hs3  10081317  10108231 0.6097561
hs6  44342660  44377167 0.6097561
hs2  73784189  73817147 0.6097561
hs9  96928310  96940253 0.6097561
hs11  62208668  62213939 0.6060606
hs16  18317942  18336736 0.2424242
hs16  18317942  18336736 0.2424242
hs16  18317942  18336736 0.2424242
hs16  18317942  18336736 0.2424242
hs16  18317942  18336736 0.2424242
hs16  18317942  18336736 0.2424242
hs16  18317942  18336736 0.2424242
hs16  18317942  18336736 0.2424242
hs17  41301826  41302851 0.5952381
hs10  22208814  22210021 0.2962963
hs3 127193131 127198185 0.5000000
hs6 106969831 106975627 0.4827586
hs1 152613811 152614098 0.5517241
hs11  62662816  62665217 0.3125000
hs1 152511535 152601086 0.4814815
hs4  52722618  52751640 0.4411765
hs11  71878453  71884561 0.4230769
hs1 152719522 152720470 0.5555556
hs1 152708160 152709491 0.3333333
hs4 143996104 144019345 0.5600000
hs17  81311270  81330674 0.3703704
hs21  14591930  14658821 0.3793103
hs21  30480048  30491985 0.3076923
hs6  42890265  42890816 0.3846154
hs21  30635236  30635619 0.2000000
hs1 152622834 152623103 0.5555556
hs17  14235673  14236862 0.3461538
hs17  20836447  20896140 0.5185185
hs1 152970666 152972574 0.4444444
hsX 143025918 143034702 0.3076923
hs4 119298779 119300535 0.5862069
hs20  33662284  33665619 0.5517241
hs5 170232447 170252575 0.3928571
hs4  70370093  70390244 0.3333333
hsMT 8366 8572 1
