hs16 70252295 70289543 0.989130434782609
hs16 8674565 8784575 0.923913043478261
hs9 104781002 104928237 1
hs9 137007227 137028922 1
hs16 2275881 2340746 1
hsX 75053172 75156732 1
hs6 30571376 30597179 1
hs1 93992835 94121132 1
hs3 38103129 38137242 0.967391304347826
hs17 37084988 37406818 0.963768115942029
hs12 109116595 109268226 0.952898550724638
hs11 108121516 108147776 0.97463768115942
hs6 159760328 159779055 0.97463768115942
hs17 41866908 41930542 0.963768115942029
hs9 32384603 32454769 0.952898550724638
hs22 41469125 41528989 0.952898550724638
hs2 264140 278283 0.815217391304348
hs3 51983340 51989197 0.894927536231884
hs14 75053221 75069483 0.634057971014493
hs2 53970838 54305300 0.626811594202899
hs20 44619522 44652233 0.891304347826087
hs2 70607618 70768225 0.641304347826087
hs10 109996368 110135565 0.641304347826087
hs4 99276367 99291028 0.931159420289855
hs4 99304964 99321442 0.931159420289855
hs4 99336492 99353027 0.931159420289855
hs4 99123657 99157792 0.931159420289855
hs4 99070978 99088801 0.934782608695652
hs4 99202638 99219537 0.931159420289855
hs4 99412261 99435737 0.931159420289855
hs10 74151185 74709303 0.927536231884058
hs22 40346500 40369367 0.949275362318841
hs1 244408494 244452134 0.949275362318841
hs2 240868479 240880502 0.884057971014493
hs20 34280268 34311802 0.971014492753623
hs9 127866480 127877743 0.996376811594203
hs1 33007984 33080996 0.996376811594203
hs1 65147549 65232145 0.996376811594203
hs1 65147549 65232145 0.996376811594203
hs1 65147549 65232145 0.996376811594203
hs1 65147549 65232145 0.996376811594203
hs9 113386317 113401333 0.88768115942029
hs3 52198086 52214327 0.978260869565217
hsX 55009055 55031064 0.978260869565217
hsX 153724868 153744762 1
hs9 72900662 73080442 0.938405797101449
hs12 111766887 111809985 0.931159420289855
hs17 19737984 19748943 0.927536231884058
hs9 38392664 38398661 0.934782608695652
hs15 100877714 100916626 0.934782608695652
hs11 68008578 68029282 0.927536231884058
hs11 67662162 67681200 0.927536231884058
hs1 165662216 165698863 0.938405797101449
hs17 19648136 19677598 0.927536231884058
hs12 39550033 39619751 1
hs7 134442350 134459284 0.952898550724638
hs2 232456123 232460032 0.655797101449275
hs1 21509372 21578412 0.648550724637681
hs2 232378534 232382889 0.644927536231884
hs2 232406843 232410714 0.644927536231884
hs3 49416778 49422753 0.942028985507246
hs8 41653220 41896762 1
hs4 112818109 113383740 1
hs15 89784889 89815401 0.996376811594203
hs9 34329506 34343713 0.641304347826087
hs14 20455191 20457772 0.91304347826087
hs16 88809339 88811944 0.880434782608696
hs12 49950741 49958881 0.920289855072464
hs9 33441154 33447611 0.898550724637681
hs9 33383179 33402682 0.86231884057971
hs9 33383179 33402682 0.717391304347826
hs9 33383179 33402682 0.865942028985507
hs9 33383179 33402682 0.86231884057971
hs9 33383179 33402682 0.717391304347826
hs9 33383179 33402682 0.865942028985507
hs9 33383179 33402682 0.86231884057971
hs9 33383179 33402682 0.717391304347826
hs9 33383179 33402682 0.865942028985507
hs6 131573144 131584332 0.88768115942029
hs14 67619798 67651720 0.88768115942029
hsX 153907367 153934999 0.88768115942029
hsX 11137543 11665701 0.873188405797101
hs10 102673731 102714407 1
hs7 66075798 66093558 0.833333333333333
hs19 12737139 12748323 0.956521739130435
hs7 97852118 97872542 0.923913043478261
hs9 130444929 130501274 0.840579710144927
hs2 215311817 215349773 0.851449275362319
hs1 116372668 116410261 1
hs1 160115759 160143591 1
hs19 41966582 41997497 1
hs13 24680411 24712493 1
hs16 28878405 28904509 1
hs12 110280756 110351093 1
hs17 3923870 3964464 1
hs12 89588049 89709300 1
hs3 10324023 10708031 1
hsX 153517676 153582939 1
hs1 203626561 203744081 1
hs19 35550043 35563658 1
hs18 46080248 46104334 0.996376811594203
hs5 126541841 126595418 0.927536231884058
hs12 56638175 56646068 0.996376811594203
hs10 7788129 7807815 0.949275362318841
hs19 1241746 1244826 0.923913043478261
hs20 59025467 59032382 0.623188405797101
hs17 48892765 48895871 0.706521739130435
hs12 53632726 53677408 0.695652173913043
hs2 175176258 175184607 0.702898550724638
hs3 113747019 113812056 0.996376811594203
hs2 70935882 70965406 1
hs8 20197367 20226819 1
hsX 77910656 78050395 1
hs21 33903453 33915980 0.902173913043478
hs13 51932673 52011494 1
hs9 91213815 91361913 0.949275362318841
hs2 214725646 214809711 0.996376811594203
hs15 72686179 72738476 0.97463768115942
hs12 24810022 24949459 0.916666666666667
hs19 48795062 48811029 0.916666666666667
hs19 41397460 41431345 0.971014492753623
hs6 80106647 80346270 0.978260869565217
hs19 44747705 44760044 0.996376811594203
hs19 589893 617159 0.985507246376812
hs2 218658764 218663443 1
hs3 197509783 197573323 0.996376811594203
hs5 79111779 79132290 0.608695652173913
hs15 90717327 90816165 1
hs19 40447789 40465840 0.623188405797101
hs7 134646808 134679813 0.789855072463768
hs6 3118374 3153578 0.728260869565217
hs2 27217390 27243943 0.978260869565217
hs19 12938578 12944489 0.902173913043478
hs5 179678628 179730925 0.894927536231884
hs11 3000922 3057613 0.992753623188406
hs11 34438925 34472062 0.840579710144927
hs21 36069941 36073166 0.978260869565217
hs21 36134912 36146566 0.978260869565217
hs21 43053191 43076943 0.920289855072464
hs9 128832942 128882494 0.931159420289855
hs1 20588948 20618908 0.880434782608696
hsY 10190377 10192298 0.985507246376812
hs4 84582979 84651338 0.978260869565217
hs13 27962137 27971139 0.818840579710145
hs4 140388455 140427968 0.891304347826087
hs7 117465784 117715971 1
hs17 7884806 7912760 1
hs12 6570083 6607476 1
hs10 5195462 5218949 0.949275362318841
hs7 143316126 143352083 0.916666666666667
hs3 184346185 184361651 0.916666666666667
hsX 10156945 10237660 0.916666666666667
hsX 49922615 50099235 0.916666666666667
hs1 11806096 11843144 0.916666666666667
hs1 16018875 16034050 0.91304347826087
hs10 99782732 99852192 1
hs22 19941607 19969975 0.684782608695652
hs9 113150942 113164137 0.771739130434783
hs2 97646040 97648383 0.815217391304348
hs19 35648223 35658861 0.847826086956522
hs17 14069496 14208677 0.949275362318841
hs3 98521132 98593723 0.91304347826087
hs2 210477682 210679107 0.963768115942029
hs2 207529737 207603431 0.800724637681159
hs2 175072250 175168382 0.833333333333333
hs10 35126791 35212958 0.847826086956522
hs4 5748084 5893058 0.855072463768116
hs19 47819779 47843330 0.83695652173913
hs1 74705482 74733408 0.934782608695652
hs12 56271699 56300392 0.938405797101449
hs12 76858715 76879060 0.826086956521739
hs4 1211448 1249953 0.923913043478261
hs10 124984317 125161170 0.923913043478261
hs1 70411218 70439851 0.927536231884058
hs3 41194837 41260096 0.865942028985507
hs1 40979335 41012565 0.971014492753623
hs8 144095027 144097525 0.91304347826087
hs2 135906677 135986100 1
hs1 100186919 100249834 0.963768115942029
hs4 182890060 182917936 0.840579710144927
hs10 4963253 5107522 0.949275362318841
hs10 4922564 5135226 0.949275362318841
hs2 15591178 15631111 1
hsX 41333348 41364472 1
hs17 64499616 64508199 1
hs11 118747766 118791149 1
hs17 43483865 43544463 1
hs1 182839369 182887751 1
hs11 108665025 108940930 1
hs4 24517441 24584550 1
hs8 90001405 90052092 0.985507246376812
hs5 80626228 80654983 0.927536231884058
hs16 72008588 72027664 0.956521739130435
hs22 42617840 42649568 0.963768115942029
hs16 69706996 69726951 0.278985507246377
hsX 154762742 154777689 0.981884057971015
hs11 112024814 112064390 0.963768115942029
hs7 107890970 107931730 0.985507246376812
hs3 197042560 197299300 0.989130434782609
hs11 83455012 85627922 0.989130434782609
hsX 70444861 70505490 0.989130434782609
hs17 7189890 7219702 0.992753623188406
hs14 74881891 74903745 0.963768115942029
hs17 49990005 49995224 0.822463768115942
hs7 97005548 97011039 0.778985507246377
hs9 133663560 133739955 0.931159420289855
hs10 68414064 68472121 1
hs19 10133345 10231286 0.746376811594203
hs10 17142254 17202054 0.735507246376812
hs11 119096503 119108331 0.949275362318841
hs1 97077743 97921049 0.945652173913043
hs8 104330324 104467053 0.847826086956522
hs8 26514275 26658178 0.851449275362319
hs5 147390811 147510056 0.86231884057971
hs7 107765467 107803225 0.91304347826087
hs17 18087886 18107971 1
hs19 925781 975934 0.822463768115942
hs5 149960737 149993455 0.905797101449275
hs2 241675742 241686991 0.942028985507246
hs15 48331011 48343373 0.934782608695652
hs9 129812944 129824134 0.557971014492754
hs22 50525752 50530085 0.188405797101449
hs19 38815422 38832005 0.949275362318841
hs10 133362480 133373689 0.949275362318841
hs3 172750682 172821474 0.865942028985507
hs6 73515750 73523797 1
hs20 63488013 63499315 1
hs11 62559601 62574086 0.971014492753623
hs19 3976056 3985469 1
hs14 67359997 67386516 0.985507246376812
hs12 123620406 123633766 0.967391304347826
hsX 24054716 24077971 1
hs17 7572706 7579005 1
hs3 186783205 186789900 1
hs2 72916260 72936071 0.833333333333333
hs7 155458129 155464831 0.833333333333333
hs1 8861002 8879249 0.985507246376812
hs12 6913745 6923698 0.989130434782609
hs17 4948092 4957131 0.989130434782609
hs4 110365733 110565285 0.996376811594203
hs9 121338988 121370304 0.876811594202899
hs8 27490779 27545564 0.905797101449275
hs1 219968601 220046658 0.996376811594203
hs13 46771256 46797232 0.86231884057971
hs1 46394265 46413848 0.949275362318841
hs4 184755595 184826818 1
hs2 222860934 222944639 1
hsX 109624244 109733403 1
hs19 12922479 12934037 1
hs17 82078338 82098332 0.956521739130435
hs9 94603133 94640249 0.909420289855073
hs1 155308748 155320666 0.985507246376812
hs11 110429883 110464881 0.952898550724638
hs17 74862497 74873031 0.981884057971015
hs18 57548283 57586772 0.920289855072464
hs1 241497603 241519761 0.956521739130435
hs3 59749310 61251459 0.960144927536232
hs1 37996770 38005606 0.869565217391304
hs20 1368978 1393172 0.978260869565217
hs2 24049701 24063681 0.978260869565217
hs11 64241003 64244132 0.978260869565217
hs14 45115600 45135319 0.978260869565217
hs12 2794953 2805423 0.989130434782609
hs6 35573585 35728583 0.996376811594203
hs17 28879335 28897679 0.594202898550725
hs1 171248471 171285978 0.894927536231884
hs1 171090877 171117819 0.905797101449275
hs1 147175351 147243050 0.894927536231884
hs9 127794597 127814327 0.942028985507246
hs18 63327726 63367510 1
hsX 154531391 154547572 0.967391304347826
hs11 119024114 119030906 0.760869565217391
hs22 41621119 41664048 0.88768115942029
hs15 50275392 50355408 1
hs1 23795599 23800804 0.963768115942029
hs17 75751594 75765711 0.902173913043478
hs12 6533927 6538374 0.97463768115942
hs7 30594681 30634033 0.989130434782609
hs21 33503931 33543491 0.923913043478261
hsX 48786554 48794311 0.847826086956522
hs3 128479427 128493185 0.869565217391304
hs10 8053604 8075198 0.873188405797101
hs14 54842008 54902852 0.88768115942029
hs2 27496842 27523684 0.257246376811594
hs16 81081961 81096403 0.920289855072464
hs16 81081961 81096403 0.920289855072464
hs16 81081961 81096403 0.920289855072464
hs16 81081961 81096403 0.920289855072464
hs2 69319769 69387254 0.992753623188406
hs22 24583750 24629005 0.858695652173913
hs22 24583750 24629005 0.851449275362319
hs22 24583750 24629005 0.876811594202899
hs22 24583750 24629005 0.858695652173913
hs22 24583750 24629005 0.851449275362319
hs22 24583750 24629005 0.876811594202899
hs22 24583750 24629005 0.858695652173913
hs22 24583750 24629005 0.851449275362319
hs22 24583750 24629005 0.876811594202899
hsX 30653359 30731456 0.963768115942029
hs9 6532464 6645650 0.88768115942029
hs6 38675925 38703141 0.894927536231884
hs5 95751319 95823005 0.97463768115942
hs10 87050486 87094866 0.884057971014493
hsX 121047588 121050080 0.884057971014493
hs1 182381704 182392206 0.931159420289855
hs6 1623806 2245692 0.844202898550725
hs6 16238580 16295549 0.952898550724638
hs6 30541377 30557174 1
hs10 99396870 99430624 0.956521739130435
hs16 58707131 58734357 0.960144927536232
hs12 50103819 50111319 0.963768115942029
hs19 34359480 34402156 0.989130434782609
hs8 144502973 144507174 0.931159420289855
hs3 49357176 49358600 0.942028985507246
hs14 64939152 64942905 0.942028985507246
hs5 151020438 151028993 0.942028985507246
hs19 1103926 1106791 0.942028985507246
hs6 28525925 28534952 0.942028985507246
hs1 52602372 52609051 0.938405797101449
hs10 85599555 86366493 0.471014492753623
hs4 92304399 93774556 0.467391304347826
hs11 120511759 120988904 0.463768115942029
hs19 41998321 42069498 0.460144927536232
hs8 143990058 143993415 0.916666666666667
hs15 43746392 43773279 1
hs22 19148576 19150283 0.815217391304348
hs16 11868128 11916082 1
hs8 30678061 30727926 0.996376811594203
hs22 23957414 23961186 0.811594202898551
hs22 23957414 23961186 0.811594202898551
hs22 23957414 23961186 0.811594202898551
hs22 23957414 23961186 0.811594202898551
hs14 77320884 77331597 0.742753623188406
hs2 47695530 47810101 1
hs14 81175452 81221377 0.829710144927536
hs15 59638062 59657541 0.844202898550725
hs8 30578318 30658251 0.782608695652174
hs13 45120515 45284909 0.865942028985507
hs11 18322295 18367044 0.844202898550725
hs1 228139962 228148984 0.989130434782609
hsX 53431258 53434373 0.981884057971015
hs16 1795620 1827194 0.992753623188406
hs2 26190635 26244726 0.949275362318841
hs2 26243170 26290468 0.97463768115942
hs5 140673173 140692024 0.992753623188406
hs6 113933028 114011308 1
hs10 94501434 94613905 1
hs5 131159027 131171735 0.978260869565217
hs21 36750888 36990236 0.884057971014493
hs11 119084866 119093549 0.88768115942029
hs1 23801885 23838620 0.891304347826087
hs2 74513463 74517147 0.760869565217391
hs17 48528526 48530997 0.804347826086957
hs17 48548870 48604912 0.804347826086957
hs12 54016931 54056030 0.807971014492754
hs12 54009106 54012362 0.811594202898551
hs2 176188579 176190907 0.797101449275362
hs2 176108790 176119942 0.811594202898551
hs2 176099730 176101193 0.83695652173913
hs4 174490177 174523154 0.989130434782609
hsX 134460153 134520513 0.510869565217391
hs1 119507198 119515054 0.91304347826087
hs1 119414931 119423035 0.91304347826087
hs1 209686178 209734950 0.992753623188406
hs16 67430652 67437553 0.97463768115942
hs17 42549214 42555213 0.989130434782609
hs9 96235306 96302152 0.989130434782609
hs16 82035004 82098534 0.989130434782609
hs5 119452443 119637199 0.985507246376812
hs8 144291591 144314722 0.891304347826087
hs6 122399546 122433119 0.891304347826087
hs16 67163385 67169945 0.891304347826087
hs2 219279267 219286900 1
hs9 33025211 33039907 1
hs6 31815464 31817946 0.996376811594203
hs6 31815464 31817946 0.996376811594203
hs6 31815464 31817946 0.996376811594203
hs6 31815464 31817946 0.996376811594203
hs6 31809619 31815065 0.996376811594203
hs14 64535905 64546173 0.996376811594203
hs5 133051962 133106449 0.992753623188406
hs9 125234853 125241330 0.996376811594203
hs1 161524540 161526910 0.996376811594203
hs11 123057489 123063230 0.996376811594203
hs5 138554882 138575444 0.996376811594203
hs14 102080738 102139699 0.992753623188406
hs6 44246166 44253888 0.992753623188406
hs2 197486581 197516737 1
hs2 197499994 197503457 0.923913043478261
hs19 14514770 14529770 1
hs11 64230278 64234286 1
hs9 92210207 92293716 1
hs17 75012670 75021261 0.804347826086957
hs2 208236227 208266074 0.960144927536232
hs15 90083045 90102504 0.960144927536232
hs15 78131498 78171949 0.971014492753623
hs20 2658395 2664219 0.91304347826087
hsX 153785766 153794523 0.91304347826087
hs8 81657961 81686693 0.927536231884058
hs18 11981025 12030883 0.931159420289855
hs7 128392277 128410252 0.952898550724638
hs3 49024325 49029408 0.952898550724638
hs4 183504994 183511096 0.909420289855073
hs15 78437431 78501456 0.952898550724638
hs5 51383391 51394738 0.86231884057971
hs20 3208868 3223870 0.985507246376812
hs6 15246296 15522040 0.923913043478261
hs17 41754604 41786931 0.855072463768116
hs16 75627474 75648643 0.996376811594203
hs12 4720341 4851927 0.373188405797101
hs12 4720341 4851927 0.655797101449275
hs12 4720341 4851927 0.373188405797101
hs12 4720341 4851927 0.655797101449275
hs2 27086747 27100772 0.72463768115942
hs12 25204789 25250936 1
hs6 128883141 129516569 0.992753623188406
hs7 107923799 108003255 0.86231884057971
hs1 183023460 183145592 0.699275362318841
hs3 39406689 39412542 0.989130434782609
hs11 18394388 18408425 0.590579710144927
hs12 21635342 21757857 0.956521739130435
hs11 18412307 18452058 0.963768115942029
hs10 114431113 114685003 0.865942028985507
hs5 96935394 97037515 0.996376811594203
hs12 96000828 96043520 0.992753623188406
hs4 120055608 120067074 0.891304347826087
hs6 119177209 119349761 0.891304347826087
hsX 43654907 43746824 0.931159420289855
hs12 57475445 57517569 1
hs10 80271820 80289684 0.978260869565217
hs2 85539165 85545280 0.978260869565217
hs3 127598223 127622436 0.996376811594203
hs2 135839626 135876426 0.996376811594203
hs7 108569568 108574850 1
hs2 63588609 63607197 0.811594202898551
hs7 76048051 76067508 0.971014492753623
hs6 83210389 83431071 0.920289855072464
hs18 50879049 50954257 0.920289855072464
hs15 99565417 99716466 0.891304347826087
hs19 19145567 19192158 0.891304347826087
hs5 88718158 88904105 0.891304347826087
hs1 156463727 156500828 0.905797101449275
hs2 66433452 66573869 0.880434782608696
hs15 36889204 37101299 0.876811594202899
hs17 43640388 43661954 0.83695652173913
hs7 15611212 15686812 0.822463768115942
hs12 57768471 57772793 0.942028985507246
hs10 129467184 129768007 0.608695652173913
hs13 23730189 23889419 0.963768115942029
hs3 36993332 37050918 0.996376811594203
hs14 74056850 74084493 0.927536231884058
hs6 39899578 39934551 0.721014492753623
hsX 154778684 154821007 0.996376811594203
hs17 43875357 43909711 0.989130434782609
hs17 43800799 43833170 0.989130434782609
hs16 15949577 16143074 1
hs2 47402969 47562311 1
hs5 80654648 80876460 1
hs1 75796882 75913238 1
hs6 31739948 31762834 1
hs8 10054268 10428891 0.891304347826087
hs5 174724533 174730893 0.804347826086957
hs9 21802543 21937651 0.768115942028985
hsMT 8527 9207 0.398550724637681
hsMT 5904 7445 0.471014492753623
hsMT 7586 8269 0.485507246376812
hsMT 9207 9990 0.442028985507246
hsMT 14747 15887 0.536231884057971
hs7 2242222 2251146 0.659420289855073
hs14 64388031 64463457 0.916666666666667
hs1 11785723 11806920 0.844202898550725
hs2 55236595 55269347 1
hsMT 3307 4262 0.442028985507246
hsMT 4470 5511 0.420289855072464
hsMT 10059 10404 0.423913043478261
hsMT 10760 12137 0.460144927536232
hsMT 12337 14148 0.460144927536232
hs1 236795281 236903981 0.710144927536232
hs1 45329163 45340470 0.869565217391304
hs12 79773563 79935460 1
hs1 202348699 202592706 1
hs18 57600656 57622213 1
hs16 10743786 10769351 0.996376811594203
hs9 122144058 122159819 0.786231884057971
hs12 4649095 4694317 0.851449275362319
hs16 23581002 23596356 0.927536231884058
hs2 206114817 206159603 0.822463768115942
hs1 161197104 161214395 0.753623188405797
hs11 47565336 47584562 0.764492753623188
hs11 67606852 67612535 0.847826086956522
hs11 68030617 68036644 0.807971014492754
hs18 9102630 9134345 0.840579710144927
hs22 31399523 31528740 1
hs14 35401511 35404749 0.992753623188406
hs1 161118086 161125445 0.916666666666667
hs3 42600614 42648741 1
hs20 21511010 21514026 0.721014492753623
hs8 23678693 23682927 0.782608695652174
hs17 51153536 51162428 0.992753623188406
hs17 51153590 51171744 0.992753623188406
hs17 51153590 51171744 0.992753623188406
hs17 51153590 51171744 0.992753623188406
hs17 51153590 51171744 0.992753623188406
hs16 1770286 1771730 0.992753623188406
hs16 396725 410367 0.992753623188406
hs12 6556863 6568691 0.996376811594203
hs17 27756766 27800499 0.992753623188406
hs9 136494444 136545862 0.981884057971015
hs6 32194843 32224067 0.992753623188406
hs14 20468954 20477094 0.713768115942029
hs12 50979401 51028566 0.86231884057971
hs1 51789191 51878937 0.978260869565217
hs1 42682395 42702349 0.550724637681159
hs17 46590669 46757464 1
hs16 2039815 2047866 0.989130434782609
hs1 224227334 224330387 1
hs10 124397303 124418976 0.923913043478261
hs15 27754875 28099358 0.478260869565217
hs2 10439968 10448504 0.945652173913043
hs7 44606572 44709066 0.956521739130435
hs14 60508951 60512850 0.833333333333333
hsX 38352545 38421450 0.938405797101449
hs14 22766522 22773041 0.945652173913043
hs17 81843159 81860694 1
hs12 56104319 56113907 1
hs1 45511036 45523047 0.996376811594203
hs1 164555584 164899296 0.865942028985507
hs6 32184741 32190186 0.880434782608696
hs9 125747345 125967377 0.869565217391304
hs11 66848233 66958376 0.978260869565217
hs13 100089015 100530435 0.967391304347826
hs3 136250306 136337896 0.934782608695652
hs6 149749443 149811420 0.851449275362319
hs3 196214222 196287957 0.989130434782609
hsX 19343893 19361705 0.971014492753623
hs4 95840019 95841474 0.971014492753623
hs3 58427630 58433857 0.978260869565217
hs2 172555373 172608669 0.902173913043478
hs17 50094737 50112152 0.898550724637681
hsX 24465221 24539837 0.902173913043478
hs7 95583499 95596491 0.894927536231884
hs7 107660635 107717809 0.905797101449275
hs1 145670852 145708148 0.358695652173913
hs19 33386950 33521794 0.992753623188406
hs4 151670504 151761023 0.88768115942029
hs7 92487020 92528531 1
hs6 42963870 42979220 1
hs17 35574795 35578863 0.88768115942029
hs1 10472288 10630758 0.83695652173913
hs17 8247618 8270491 0.833333333333333
hs18 57646426 57803101 1
hsX 54932961 54998534 0.949275362318841
hs1 207034366 207081024 0.952898550724638
hs10 6144934 6235545 0.952898550724638
hs3 48517684 48562015 0.952898550724638
hs21 44300051 44327376 0.978260869565217
hs12 48105139 48146404 0.978260869565217
hs10 3066333 3137712 0.963768115942029
hs10 97426160 97433441 0.898550724637681
hs10 97426160 97433441 0.771739130434783
hs10 97426160 97433441 0.898550724637681
hs10 97426160 97433441 0.771739130434783
hs7 44062727 44065587 0.891304347826087
hs1 10398592 10420144 0.967391304347826
hsX 78065188 78129296 1
hs6 49785934 49787187 1
hs1 63593276 63660245 0.971014492753623
hs6 83161150 83193936 0.971014492753623
hs9 68328308 68531061 0.952898550724638
hs7 87503633 87713323 1
hs7 87401697 87480435 1
hs17 49404049 49414905 0.971014492753623
hs9 93576407 93679587 0.91304347826087
hsX 15319451 15335554 0.981884057971015
hs19 9835257 9849682 0.960144927536232
hs5 135027735 135034813 0.833333333333333
hs4 110617423 110642123 0.833333333333333
hs10 102230186 102241474 0.833333333333333
hs1 155289839 155301434 0.996376811594203
hs15 72199029 72231822 0.996376811594203
hs21 42974510 43033931 0.869565217391304
hs2 189784085 189877629 0.996376811594203
hs1 11066618 11099881 0.960144927536232
hs7 5973239 6009125 0.996376811594203
hs1 170662728 170739419 0.840579710144927
hs6 43576150 43615660 0.945652173913043
hs17 7484366 7514618 1
hs4 56977722 57031168 0.992753623188406
hs7 75899200 75986855 0.992753623188406
hs10 70202830 70233911 0.978260869565217
hs4 56393362 56435615 0.989130434782609
hs7 44796680 44824564 1
hs7 44796680 44824564 1
hs7 44796680 44824564 1
hs7 44796680 44824564 1
hs15 64155812 64163205 1
hs5 123023250 123036741 1
hs4 158709134 158723396 1
hs14 63371357 63543374 0.916666666666667
hs1 40072705 40097703 0.804347826086957
hs17 68511780 68551319 0.989130434782609
hs3 48744597 48847846 0.985507246376812
hs13 95677139 95794989 1
hs5 177992235 177996242 0.847826086956522
hsX 107628424 107651026 0.97463768115942
hsX 12791355 12824222 0.978260869565217
hs17 76309486 76384521 0.978260869565217
hs17 18840085 18931287 0.978260869565217
hs10 122461525 122514908 0.822463768115942
hs14 90256495 90275429 1
hs11 47418769 47426473 1
hs19 39971005 39981441 1
hs17 63827152 63832026 1
hs14 52707172 52728587 1
hsX 108084207 108091618 1
hs1 180154834 180204030 0.996376811594203
hs11 112226365 112269955 0.340579710144928
hs14 74285423 74303056 1
hs12 132687606 132704991 0.909420289855073
hs8 76980258 77001044 0.829710144927536
hs17 81932384 81942412 0.938405797101449
hs10 95605929 95656706 0.876811594202899
hs17 81900965 81911464 0.989130434782609
hs20 25248069 25298014 0.86231884057971
hs14 50857891 50944736 0.86231884057971
hs11 64746389 64760297 0.86231884057971
hs3 49095932 49105101 0.992753623188406
hs15 40694774 40732339 0.934782608695652
hs14 67819779 68730218 0.963768115942029
hs2 108719481 108785811 1
hs5 168486445 168519299 0.985507246376812
hs14 58298385 58373887 0.789855072463768
hs10 47348371 47357875 0.242753623188406
hs12 55720367 55724705 0.985507246376812
hs12 21468911 21501669 1
hs19 18831938 18868236 1
hs4 39287456 39366375 0.996376811594203
hs7 74231499 74254458 1
hs13 33818049 33966558 1
hs3 186789880 186807058 1
hs12 118013588 118033130 1
hs1 40161373 40240921 0.880434782608696
hs1 182573634 182589256 1
hs1 201982372 202006147 0.992753623188406
hs4 145097932 145129179 1
hs1 27891524 27914746 0.851449275362319
hs2 210002565 210022259 0.942028985507246
hs8 144789765 144792587 0.992753623188406
hs4 39454124 39458948 0.996376811594203
hs1 23691779 23696425 0.981884057971015
hs18 49481681 49491586 0.989130434782609
hs18 49481681 49491586 0.989130434782609
hs18 49481681 49491586 0.989130434782609
hs18 49481681 49491586 0.989130434782609
hs17 28719393 28724359 0.963768115942029
hs11 1947278 1984522 0.702898550724638
hs17 81703357 81707526 0.923913043478261
hs19 38930548 38933162 0.989130434782609
hs16 1962052 1964860 0.992753623188406
hs11 75399486 75422280 0.978260869565217
hs19 58386400 58394806 0.97463768115942
hs19 54200742 54249003 0.978260869565217
hs19 49496365 49499689 0.963768115942029
hs5 150443190 150449756 0.978260869565217
hs19 1438358 1440494 0.978260869565217
hs16 18781295 18790383 0.985507246376812
hs19 39433207 39435948 0.981884057971015
hs6 33272010 33276510 0.956521739130435
hs8 56067295 56074581 0.97463768115942
hs5 82273358 82278577 0.989130434782609
hs11 4094707 4138876 0.981884057971015
hs2 10122328 10131419 0.971014492753623
hs16 20610243 20797581 1
hs1 109213918 109238169 0.996376811594203
hs17 10672474 10698375 0.938405797101449
hs1 52927229 53051703 0.873188405797101
hs5 218241 256700 0.956521739130435
hs1 17018722 17054170 0.931159420289855
hs19 2754714 2783371 1
hs17 18327860 18363563 0.978260869565217
hs12 57229327 57234935 0.978260869565217
hsX 624344 659411 0.83695652173913
hs3 158095954 158106503 0.844202898550725
hs14 60643415 60658259 0.88768115942029
hs2 44941898 44946077 0.858695652173913
hs6 31959080 31969755 0.996376811594203
hs9 4490444 4587469 0.456521739130435
hs11 35251206 35420063 0.456521739130435
hs5 36606355 36688334 0.445652173913043
hs2 219627327 219641980 0.869565217391304
hs19 46774883 46788594 0.456521739130435
hs1 53087179 53142632 0.456521739130435
hs2 44275458 44321494 0.77536231884058
hs11 62856102 62888875 0.655797101449275
hs17 44248385 44268141 0.865942028985507
hs7 151057210 151076527 0.865942028985507
hs22 32043032 32113029 0.536231884057971
hs16 31483002 31490860 0.478260869565217
hs21 34073570 34106260 0.427536231884058
hs22 32218476 32255341 0.452898550724638
hs19 17871973 17895174 0.52536231884058
hs3 10992724 11039247 0.47463768115942
hs16 55655604 55706192 0.456521739130435
hs5 1392790 1445430 0.438405797101449
hs17 30194319 30236002 0.456521739130435
hs3 14402576 14489349 0.438405797101449
hs5 150189957 150222788 0.452898550724638
hsX 153688099 153696593 0.449275362318841
hs1 43991500 44031467 0.445652173913043
hs3 10816200 10940733 0.460144927536232
hs12 190077 214570 0.463768115942029
hs12 220621 262873 0.434782608695652
hs13 29509410 29595688 0.902173913043478
hs8 17497088 17570573 0.902173913043478
hs22 21028718 21032840 0.902173913043478
hs1 27098815 27166981 0.971014492753623
hs2 102619707 102711318 0.971014492753623
hs5 473310 524332 0.967391304347826
hs16 67237683 67272190 0.971014492753623
hs5 177379235 177398848 0.264492753623188
hs10 49610301 49612720 0.681159420289855
hs2 112645857 112663827 0.829710144927536
hs8 42416475 42541926 0.829710144927536
hsX 129446501 129523500 1
hs22 23786963 23834516 0.833333333333333
hs6 159669057 159762529 0.989130434782609
hs15 45023104 45077185 0.934782608695652
hs2 32063611 32157637 1
hs16 89490917 89557768 1
hs2 72887360 72892158 0.942028985507246
hs7 138002324 138117986 0.949275362318841
hs17 17810399 17837002 0.786231884057971
hs22 41833079 41907308 0.778985507246377
hs6 43171299 43181507 0.884057971014493
hs1 11054584 11060024 0.931159420289855
hs14 34981957 35029567 1
hs11 126262919 126269144 1
hs7 141738321 141787922 0.594202898550725
hs11 8693351 8910951 0.721014492753623
hs21 14371115 14383484 0.992753623188406
hs17 28662091 28702684 0.978260869565217
hs11 17392885 17476845 1
hs12 78863993 79452008 0.920289855072464
hs19 55171199 55180441 0.920289855072464
hs5 69364743 69370013 0.858695652173913
hs1 28589323 28643085 0.86231884057971
hs1 109062486 109076002 0.858695652173913
hs11 747329 765024 0.894927536231884
hs6 32845209 32853978 1
hs6 32821833 32838780 1
hs1 234391313 234479103 0.746376811594203
hs12 53500921 53506431 0.394927536231884
hs5 33440696 33469539 0.996376811594203
hs16 71565660 71577130 0.931159420289855
hs8 73939169 73972287 0.880434782608696
hs17 42567068 42573239 0.807971014492754
hs6 35118071 35148610 0.760869565217391
hs19 12796820 12801859 0.996376811594203
hs12 49707725 49764934 0.826086956521739
hs16 31471585 31477960 0.865942028985507
hs18 3411608 3459978 0.865942028985507
hs19 2785460 2815807 0.949275362318841
hs3 53224707 53256052 0.992753623188406
hs9 35696948 35732395 0.811594202898551
hs3 69019827 69052303 0.710144927536232
hs17 40388516 40417950 0.978260869565217
hs3 25597905 25664907 0.960144927536232
hs17 18271428 18315007 0.992753623188406
hs12 6867119 6870948 0.989130434782609
hs12 103930107 103953645 0.996376811594203
hs1 156308968 156367873 1
hs8 143612618 143618048 0.826086956521739
hs17 41976433 42021376 1
hs8 63048553 63086053 0.931159420289855
hs16 28842411 28846408 1
hs9 110243811 110256640 0.985507246376812
hs12 104215779 104350305 0.985507246376812
hs18 657604 673578 0.963768115942029
hsX 47190861 47215128 1
hs3 49805207 49813946 1
hs4 39498755 39528311 0.742753623188406
hs3 124730366 124745193 0.949275362318841
hs12 109097574 109110992 0.909420289855073
hs8 96225920 96235634 0.815217391304348
hs3 48599002 48610976 0.989130434782609
hs16 21952660 21983660 0.971014492753623
hs19 29205321 29213541 0.949275362318841
hs1 45012147 45015575 0.88768115942029
hs6 31777518 31795953 1
hs9 35056064 35073249 1
hsX 80929500 80930347 0.833333333333333
hs10 75210154 75231448 0.833333333333333
hs8 42391624 42405897 0.83695652173913
hs17 3565444 3636249 0.597826086956522
hs17 3565444 3636249 0.688405797101449
hs17 3565444 3636249 0.597826086956522
hs17 3565444 3636249 0.688405797101449
hs14 100333788 100376805 0.992753623188406
hs8 31033801 31173769 1
hs22 28794555 28800597 0.873188405797101
hs10 109864766 109923553 0.978260869565217
hsX 129738974 129769538 0.985507246376812
hs19 43543040 43580473 0.739130434782609
hs1 211571568 211578742 0.967391304347826
hs1 26037252 26046133 0.971014492753623
hs2 27253684 27275817 0.967391304347826
hs15 45479611 45522807 0.971014492753623
hs1 179550539 179575952 0.884057971014493
hs3 156037701 156539138 0.981884057971015
hs6 24494852 24537207 0.934782608695652
hs6 31530219 31542448 1
hs6 33204642 33206831 0.97463768115942
hs9 136196250 136205109 0.876811594202899
hs11 34915829 35020591 0.963768115942029
hs12 85280107 85301784 0.829710144927536
hs13 20567069 20691437 0.942028985507246
hs16 87830023 87869488 0.920289855072464
hs19 6361452 6368908 0.760869565217391
hsX 304529 318819 0.52536231884058
hsX 7048920 7148190 0.869565217391304
hsX 53374149 53422728 1
hsX 154295671 154330350 0.992753623188406
hs1 26696033 26782104 0.757246376811594
hs11 85957684 86069882 0.858695652173913
hs5 138115172 138139443 0.981884057971015
hs22 38111495 38205690 1
hs1 46247688 46278473 1
hs6 30653119 30673037 1
hs4 143513463 143557486 1
hs7 73328164 73358637 0.981884057971015
hsX 71533083 71575897 1
hs19 5916139 5978142 0.880434782608696
hs1 5991466 6101193 0.985507246376812
hs9 108867517 108934116 0.880434782608696
hs12 10699089 10723312 0.532608695652174
hs2 177392644 177543836 0.898550724637681
hsX 15384799 15493564 0.710144927536232
hs1 241532134 241595642 0.884057971014493
hs1 32775237 32818153 0.992753623188406
hs21 43719094 43762307 0.923913043478261
hsX 41514934 41923463 1
hs1 19303965 19312146 0.97463768115942
hs4 2937933 2963385 0.880434782608696
hs3 128064778 128153914 1
hs12 56951431 56959374 0.996376811594203
hsX 1403139 1453762 0.934782608695652
hs19 19192229 19201869 0.992753623188406
hs12 56752161 56787790 0.989130434782609
hs10 5035354 5107686 0.949275362318841
hs2 168922938 169031322 1
hsY 12904937 12918122 1
hs8 9555914 9782346 1
hs1 18871430 18902781 0.927536231884058
hs4 71187286 71572087 0.865942028985507
hs17 42810134 42833350 0.884057971014493
hs16 84053761 84116906 0.945652173913043
hs20 5126786 5197887 0.978260869565217
hs9 94558720 94593793 0.905797101449275
hs3 67360460 67654614 0.960144927536232
hs2 84423523 84460045 0.97463768115942
hs13 47936487 48001326 0.960144927536232
hs20 50934867 50958555 0.978260869565217
hs3 57197843 57226521 0.844202898550725
hs3 155870536 155944026 0.963768115942029
hs8 63015079 63039171 0.492753623188406
hs5 141620876 141636870 1
hs15 57953424 58497866 0.934782608695652
hs10 70815961 70881173 0.934782608695652
hs16 66802875 66873256 0.996376811594203
hs2 27199587 27212958 0.460144927536232
hs2 117814650 117832379 1
hs2 27364352 27370486 0.971014492753623
hs1 44850522 44986722 0.985507246376812
hs14 75002911 75012366 0.971014492753623
hs3 184135038 184684758 0.992753623188406
hs4 41744082 41748970 0.83695652173913
hs16 1333601 1349438 0.826086956521739
hs22 21957025 21982816 0.992753623188406
hs8 72019917 72075617 0.996376811594203
hs2 73640832 73642393 0.731884057971015
hs2 73640832 73642393 0.75
hs2 73640832 73642393 0.731884057971015
hs2 73640832 73642393 0.75
hs3 69054730 69080408 1
hs20 35668055 35699359 0.989130434782609
hs14 22773222 22829820 0.91304347826087
hs16 68264516 68301823 0.916666666666667
hs10 87659613 87747705 0.880434782608696
hs4 107590276 107720452 0.880434782608696
hsY 24045604 24047688 0.985507246376812
hs16 4425805 4456775 1
hs3 42547969 42601080 0.891304347826087
hs17 68267026 68291267 0.702898550724638
hs17 75087727 75106162 0.684782608695652
hs10 110567691 110604636 1
hsX 130129362 130165887 0.702898550724638
hs11 20599400 20659285 0.452898550724638
hs15 65611366 65660995 0.902173913043478
hs10 68956128 68985073 1
hs12 59596067 59789855 0.721014492753623
hs17 7921859 7929803 0.978260869565217
hs3 155821024 155854429 0.829710144927536
hs3 65353525 66038834 0.945652173913043
hs1 12567910 12617731 0.996376811594203
hs4 106315544 106349226 0.981884057971015
hsX 40648306 40735858 0.844202898550725
hs5 892643 919357 1
hs17 44849943 44899662 1
hs17 38847865 38853843 0.992753623188406
hs16 2025356 2039026 0.347826086956522
hs18 56597208 56651600 0.985507246376812
hs2 169584340 169641406 1
hs19 5691834 5720572 1
hs9 37422666 37436990 0.920289855072464
hs15 73978923 73994622 0.865942028985507
hs17 75626845 75667189 1
hs8 144511288 144517845 1
hs12 48829764 48852842 1
hsY 18026115 18027740 0.989130434782609
hsY 18026115 18027740 0.989130434782609
hsY 18026115 18027740 0.989130434782609
hsY 18026115 18027740 0.989130434782609
hs4 88090264 88231322 1
hs10 104235356 104267459 0.807971014492754
hs1 235327350 235344532 0.981884057971015
hsX 24558087 24672677 0.989130434782609
hs17 9250471 9576591 0.898550724637681
hs3 27372721 27484420 0.865942028985507
hs12 51391317 51515763 0.865942028985507
hs7 103297422 103329511 0.989130434782609
hs14 77505997 77616773 0.97463768115942
hs17 47522942 47623276 0.905797101449275
hs17 47522942 47623276 0.996376811594203
hs17 47522942 47623276 0.992753623188406
hs17 47522942 47623276 0.905797101449275
hs17 47522942 47623276 0.996376811594203
hs17 47522942 47623276 0.992753623188406
hs17 47522942 47623276 0.905797101449275
hs17 47522942 47623276 0.996376811594203
hs17 47522942 47623276 0.992753623188406
hs18 63389190 63422483 1
hs17 30477362 30527592 0.865942028985507
hs10 119651370 119677819 0.891304347826087
hs2 24077433 24085861 0.931159420289855
hs2 27771717 27988087 0.710144927536232
hs1 9234775 9271337 0.97463768115942
hs22 38705723 38738299 0.996376811594203
hs2 44316281 44361862 0.648550724637681
hs7 28299321 28825894 0.844202898550725
hs1 173477266 173488807 0.996376811594203
hs7 149003062 149028641 1
hs9 72114595 72257193 0.829710144927536
hs13 41216369 41263577 0.956521739130435
hs21 42199689 42297244 1
hsX 103675496 103688158 0.855072463768116
hs5 95463895 95555007 0.963768115942029
hs2 99337353 99401326 1
hs20 37983007 38033468 0.789855072463768
hs3 5187646 5219957 0.891304347826087
hs19 47349281 47382704 1
hs11 128965060 129279324 0.855072463768116
hs2 239048168 239401654 1
hs17 80135214 80147183 1
hs16 72093562 72112912 1
hs3 10248023 10281218 0.978260869565217
hs16 71845996 71931199 0.876811594202899
hs2 75646783 75690851 0.739130434782609
hs5 141923808 141942047 0.934782608695652
hs20 25407727 25452628 0.891304347826087
hs7 78017057 79453574 0.891304347826087
hs5 134758779 134855133 1
hs6 83552880 83709691 0.869565217391304
hs1 153929501 153946696 0.717391304347826
hs16 84368527 84464187 1
hs3 38346760 38421348 0.847826086956522
hs5 180300690 180353387 0.992753623188406
hs22 50523568 50526439 0.931159420289855
hs5 141991749 142013041 0.807971014492754
hsX 120250752 120258398 0.916666666666667
hsX 48801377 48824982 1
hs17 44076746 44123702 1
hs9 36214441 36277056 0.253623188405797
hs17 54899387 54961956 0.851449275362319
hs7 157335381 157417439 1
hs3 160399274 160434962 1
hs19 34428352 34471251 1
hs19 47113274 47210636 0.996376811594203
hs2 222570536 222656337 0.992753623188406
hs2 219209768 219218990 1
hs12 21797401 21941402 1
hs7 151207837 151227230 1
hs20 51596514 51768634 1
hs3 9792495 9807726 0.873188405797101
hs12 110434825 110450422 0.855072463768116
hs16 1782901 1789191 0.996376811594203
hs12 57782589 57808071 0.666666666666667
hs10 79347469 79355337 1
hs2 218217094 218254356 0.858695652173913
hs5 132556019 132646344 0.967391304347826
hs15 68277803 68295865 0.985507246376812
hs13 32031300 32299122 0.804347826086957
hs2 10783391 10837977 0.996376811594203
hs16 3651639 3717597 0.992753623188406
hs7 102573807 102616757 0.923913043478261
hs2 169064789 169096167 0.985507246376812
hs14 54423560 54441431 0.86231884057971
hs2 99318982 99340702 0.985507246376812
hs11 20387530 20509294 0.981884057971015
hs3 48293264 48301685 0.992753623188406
hs14 23630115 23645639 0.992753623188406
hs6 30727709 30742733 0.695652173913043
hs19 14408819 14419383 1
hs14 66507407 67181803 0.746376811594203
hs8 98102344 98117241 0.894927536231884
hs13 95019829 95301433 1
hs15 65658046 65792293 0.717391304347826
hs16 54930862 54934485 0.86231884057971
hs5 64768930 65018763 1
hs16 46955362 46973788 1
hs1 45550543 45570049 0.985507246376812
hs19 1040101 1065572 1
hs17 69147214 69244846 1
hs17 68974488 69061064 1
hs17 68867292 68955392 1
hs1 119031216 119140671 0.942028985507246
hs1 220057482 220090462 0.677536231884058
hs8 13083361 13515658 0.873188405797101
hs4 42408373 42657105 1
hs4 128269237 128288829 0.909420289855073
hs18 49782167 49813960 0.97463768115942
hs1 39692182 39763914 1
hs6 4115689 4135597 0.960144927536232
hs1 11674480 11691650 0.916666666666667
hs4 41990472 42090457 0.576086956521739
hs11 112029858 112030367 1
hsX 135985439 136047264 0.963768115942029
hs9 35732320 35737007 0.681159420289855
hs17 43014605 43025123 0.931159420289855
hs9 35161992 35405338 0.898550724637681
hs19 10871513 10923070 0.978260869565217
hs22 38483440 38507660 1
hs11 119044189 119057202 0.992753623188406
hs10 3137728 3172841 0.981884057971015
hs19 12806580 12813638 0.934782608695652
hs10 130136399 130184521 1
hsX 23664262 23686399 0.996376811594203
hs6 32168212 32178096 0.963768115942029
hs9 136673143 136687423 0.757246376811594
hs9 92031999 92115384 0.97463768115942
hs10 132186900 132205776 0.833333333333333
hs2 73233420 73253021 1
hs2 61868089 61888804 1
hs12 69585334 69601570 1
hs22 19875517 19941992 0.967391304347826
hs15 79833585 79897379 0.822463768115942
hs9 104094260 104141417 1
hs5 43526267 43557758 0.829710144927536
hs4 56435741 56461368 0.847826086956522
hs20 407498 430966 0.840579710144927
hs15 74541177 74598131 0.818840579710145
hs14 57200507 57269008 0.847826086956522
hs6 5261044 5771580 0.996376811594203
hs17 34927859 34981078 1
hs21 29055805 29073797 1
hs3 121431427 121546641 1
hs10 27110112 27155266 1
hs2 45005161 45009430 0.891304347826087
hs6 134960378 135103056 1
hs1 109984686 110023741 0.971014492753623
hs2 85584408 85593412 0.909420289855073
hs2 74198562 74217565 0.923913043478261
hs13 31134974 31162388 0.992753623188406
hs3 126103562 126197994 0.960144927536232
hs15 65148219 65185342 1
hs16 30698209 30745194 0.134057971014493
hs16 30698209 30745194 1
hs16 30698209 30745194 0.134057971014493
hs16 30698209 30745194 1
hsX 119236245 119244466 0.884057971014493
hs4 979073 993440 0.942028985507246
hs2 96536743 96552638 0.753623188405797
hs11 86441108 86672636 0.920289855072464
hs14 23969874 24006408 0.938405797101449
hs14 23969874 24006408 0.960144927536232
hs14 23969874 24006408 0.938405797101449
hs14 23969874 24006408 0.960144927536232
hs1 117367449 117528872 0.891304347826087
hs19 7534004 7561764 0.876811594202899
hs6 31879759 31897687 1
hs5 32531633 32604079 0.811594202898551
hs15 78810487 78898133 0.855072463768116
hs10 119167703 119178833 0.996376811594203
hs18 12328944 12377314 1
hsX 11758159 11775753 0.826086956521739
hs9 99222064 99230615 0.855072463768116
hs3 123067062 123225227 0.996376811594203
hs20 44496221 44522109 0.902173913043478
hs12 57693955 57721557 0.88768115942029
hs11 64185272 64204543 1
hs6 100508194 100881372 1
hs12 95473520 95515839 0.996376811594203
hs12 113392445 113426301 0.905797101449275
hs19 15114984 15125785 0.927536231884058
hs19 58479512 58512413 0.985507246376812
hs9 128340646 128361470 0.992753623188406
hs1 153774354 153780157 0.97463768115942
hs15 50182196 50236395 0.894927536231884
hs12 53507856 53626410 0.844202898550725
hs4 39459000 39477653 0.920289855072464
hs2 48617798 48733148 0.822463768115942
hs17 37609739 37643464 1
hs7 107563484 107578464 1
hs3 50354749 50359610 0.83695652173913
hs1 77979175 78017964 1
hs10 121740421 121928801 0.833333333333333
hs6 149594873 149648972 1
hs7 27525442 27662995 0.927536231884058
hs10 77969251 78029545 1
hs19 32830509 32869766 0.898550724637681
hs4 122888697 122922968 0.652173913043478
hs12 93377883 93408146 0.807971014492754
hs10 12165325 12196144 0.786231884057971
hs6 34279679 34392674 0.807971014492754
hs7 151028422 151047782 1
hs18 54269404 54321266 0.945652173913043
hs8 37762593 37779767 0.956521739130435
hs1 111755245 111768016 1
hs3 131462212 131502983 0.967391304347826
hs6 107867756 107958189 1
hs17 64477785 64497036 0.594202898550725
hs9 137086927 137109187 0.891304347826087
hsX 116436622 116461458 0.463768115942029
hs16 70289663 70335283 1
hs1 7954291 7985505 0.739130434782609
hs17 63773603 63819317 1
hs7 32957404 33006931 0.978260869565217
hs3 127689062 127823250 0.949275362318841
hs3 52228610 52239260 0.865942028985507
hs4 127781821 127840733 0.992753623188406
hs1 28199456 28233025 0.996376811594203
hs6 89433170 89633834 1
hs5 149141483 149260542 0.86231884057971
hs15 40439721 40468242 0.702898550724638
hs13 72752169 72782096 0.996376811594203
hs3 47802909 47850195 1
hs16 30443631 30446181 0.471014492753623
hs10 13317424 13348298 0.47463768115942
hs19 38878555 38899862 0.985507246376812
hs2 88691644 88750935 0.927536231884058
hs5 10249921 10266412 1
hs1 19282558 19289250 0.978260869565217
hs10 274190 689743 0.797101449275362
hs10 103396648 103446292 0.989130434782609
hs5 76083172 76353939 0.967391304347826
hs12 117141988 117190531 0.572463768115942
hs2 96274336 96305515 1
hs1 23019448 23083689 0.945652173913043
hs13 32586427 32778019 0.902173913043478
hs16 23463542 23521995 0.880434782608696
hs9 99979179 100099040 0.992753623188406
hs5 160563120 160852214 1
hsX 53936676 54048958 0.91304347826087
hs9 70258962 70354888 1
hs4 51843000 51916837 0.88768115942029
hs7 17790761 17940501 0.855072463768116
hs17 75236599 75262363 0.880434782608696
hs3 32105689 32168713 0.963768115942029
hs4 98995620 99062813 0.97463768115942
hs10 806914 931705 0.822463768115942
hs6 89642499 89819723 0.989130434782609
hs3 182793500 182921635 1
hs9 136410570 136423761 0.971014492753623
hs15 78167468 78245688 1
hs4 25747427 25863760 0.927536231884058
hs10 73183362 73248862 1
hs3 15667236 15859771 1
hs4 39822863 39977956 0.884057971014493
hs1 150363091 150476566 0.768115942028985
hs13 112690329 112887168 1
hs18 9136228 9285985 1
hs11 9138825 9265390 0.721014492753623
hs6 34889265 35091413 0.992753623188406
hs5 131806990 132012243 0.148550724637681
hs5 131806990 132012243 1
hs5 131806990 132012243 0.148550724637681
hs5 131806990 132012243 1
hs9 113161006 113221361 0.967391304347826
hs19 16829400 16880353 0.91304347826087
hs20 49812713 49892242 0.967391304347826
hs12 111034024 111350554 0.840579710144927
hs3 132417526 132539032 0.963768115942029
hs22 27978014 28679865 0.996376811594203
hs1 15526813 15592379 1
hs5 154712902 154817607 0.91304347826087
hs7 129225023 129430211 0.971014492753623
hs12 76763588 76853696 1
hs9 111360692 111484745 0.818840579710145
hs3 45388506 45549421 0.992753623188406
hs5 65563236 65587549 1
hs1 16985958 17011928 1
hs14 95086228 95158010 1
hs6 13574529 13615158 0.996376811594203
hs12 120302316 120313249 0.992753623188406
hs11 215458 236931 0.996376811594203
hs10 67884669 67918390 0.963768115942029
hs14 23125295 23183674 0.905797101449275
hs5 140691426 140699291 0.992753623188406
hs5 77628712 77639688 0.83695652173913
hs1 229516582 229558695 1
hs12 122920951 122981649 1
hs17 69078702 69141888 1
hs17 69244311 69327244 1
hs22 37807905 37817176 0.978260869565217
hs6 63635820 63779336 0.916666666666667
hs19 43506719 43527244 0.992753623188406
hs16 29679008 29698699 0.695652173913043
hs16 29679008 29698699 0.695652173913043
hs16 29679008 29698699 0.695652173913043
hs16 29679008 29698699 0.695652173913043
hs12 108562582 108569384 0.938405797101449
hs13 94574051 94596257 0.971014492753623
hs8 143790920 143815379 0.989130434782609
hs5 55307760 55425581 0.996376811594203
hs5 43602692 43707405 0.601449275362319
hs17 55392613 55421992 0.380434782608696
hs7 128954180 129055144 0.876811594202899
hs16 75596981 75623300 0.865942028985507
hs10 988019 1019936 1
hs9 32455705 32526324 0.985507246376812
hs16 8852942 8869012 0.507246376811594
hs9 5084999 5086112 0.967391304347826
hs19 55262231 55280381 0.807971014492754
hs4 138164097 138242349 0.920289855072464
hsX 51743431 51746232 1
hs5 79069717 79089466 0.478260869565217
hs22 21652270 21700015 1
hs22 31618491 31662432 0.916666666666667
hs22 15690026 15721631 0.985507246376812
hsX 48476021 48486364 0.978260869565217
hs22 26491225 26512505 0.891304347826087
hs19 17511629 17521288 0.960144927536232
hs22 43955421 44010531 0.916666666666667
hs6 73461578 73509236 0.891304347826087
hs9 34989641 34998900 1
hs11 64318088 64321811 0.855072463768116
hs22 36467036 36482030 1
hs12 50923472 50932517 0.91304347826087
hs2 197515571 197553699 0.960144927536232
hs2 197515571 197553699 0.894927536231884
hs2 197515571 197553699 0.960144927536232
hs2 197515571 197553699 0.894927536231884
hs3 138187248 138298389 0.789855072463768
hs7 56064002 56080670 0.41304347826087
hs12 51047962 51060424 0.804347826086957
hs2 86020216 86106155 1
hs6 150865549 151101887 0.898550724637681
hs3 9362842 9386791 0.373188405797101
hs14 31291791 31420582 0.829710144927536
hs20 36890229 36951843 0.731884057971015
hs1 54756898 54764514 0.989130434782609
hs17 21123364 21193265 1
hs11 114439386 114450279 0.811594202898551
hs1 6101793 6180123 1
hs20 38805705 38923024 0.996376811594203
hs4 73073376 73258798 0.992753623188406
hs3 15560704 15601831 0.923913043478261
hs16 401826 412487 0.985507246376812
hs5 34656237 34832627 0.989130434782609
hs17 28347177 28357522 0.507246376811594
hs22 37608475 37633564 0.876811594202899
hs20 25294743 25390983 0.996376811594203
hs17 63009556 63427699 0.996376811594203
hs2 214931542 215138428 1
hs20 62183029 62203568 1
hs1 119659798 119744215 0.923913043478261
hs8 144355431 144359376 0.855072463768116
hs14 36580579 36582607 0.757246376811594
hs6 53051991 53100873 0.869565217391304
hs11 33740939 33774543 0.61231884057971
hs2 190189735 190344193 0.956521739130435
hs17 28854938 28861067 0.898550724637681
hs10 97572499 97583884 1
hs1 77282051 77559969 0.996376811594203
hs19 35533412 35545316 0.97463768115942
hs3 52681156 52694492 1
hs9 122202577 122229626 0.869565217391304
hs6 73593379 73654155 0.884057971014493
hs2 96760902 96811891 0.931159420289855
hs2 96816245 96833911 0.931159420289855
hs10 99329099 99394330 0.931159420289855
hs11 112084800 112086798 0.891304347826087
hs3 123201927 123274130 0.905797101449275
hs9 128309103 128322742 0.855072463768116
hs7 103312474 103344873 1
hs14 75013764 75051532 0.996376811594203
hs3 130850595 131016712 1
hs22 20111866 20117392 0.942028985507246
hs10 90912096 90921276 1
hs15 40569300 40574943 0.989130434782609
hs22 45344063 45413619 1
hs9 100099256 100301000 1
hs9 137205670 137217009 0.992753623188406
hs12 56470944 56488414 0.934782608695652
hs16 69311356 69326939 1
hs6 42960758 42963880 0.463768115942029
hs4 83261536 83284914 0.952898550724638
hs2 69395750 69437628 0.945652173913043
hs2 53787044 53818819 0.807971014492754
hs22 41560763 41577741 0.507246376811594
hs10 133237404 133241929 0.77536231884058
hs5 62387254 62403939 0.992753623188406
hs19 48933682 48944969 0.83695652173913
hsX 55000357 55009057 0.952898550724638
hs20 50958826 50963931 1
hs22 42509968 42519802 0.833333333333333
hs9 129803153 129811281 0.608695652173913
hs22 43132206 43143394 0.728260869565217
hs2 74529377 74533348 0.786231884057971
hs5 163503114 163519336 0.72463768115942
hs9 127731524 127735317 0.510869565217391
hs5 128538013 129033642 0.989130434782609
hs19 49289638 49325225 0.438405797101449
hs6 30617709 30626395 0.380434782608696
hs8 120380761 120445402 0.938405797101449
hs8 123319850 123416350 1
hs6 159789812 159798436 0.449275362318841
hs2 169810081 169824931 0.594202898550725
hs3 112990918 113015060 0.909420289855073
hs8 54135210 54147901 0.934782608695652
hs5 154941070 154969411 0.699275362318841
hs1 224356850 224379459 0.83695652173913
hs5 31400497 31532196 0.884057971014493
hs11 93609760 93610333 0.971014492753623
hs20 23350736 23354777 0.86231884057971
hs11 125903376 125923263 1
hs16 89267627 89490561 0.989130434782609
hs2 174072447 174248698 0.996376811594203
hs13 36949775 37000261 0.865942028985507
hs7 26291895 26374329 0.909420289855073
hs1 37566816 37595935 1
hs11 65040901 65044828 0.869565217391304
hs11 65027408 65040572 0.786231884057971
hs17 48103357 48123074 0.902173913043478
hs1 225919877 225924340 0.942028985507246
hs1 169132531 169367967 0.985507246376812
hs3 49716844 49723951 0.746376811594203
hs3 49716844 49723951 0.971014492753623
hs3 49716844 49723951 0.746376811594203
hs3 49716844 49723951 0.971014492753623
hs2 219498867 219506988 0.960144927536232
hs1 63367590 63438562 0.851449275362319
hs4 25377213 25418498 0.626811594202899
hs12 72087266 72670757 0.996376811594203
hs5 78997606 79236038 0.938405797101449
hs7 2234231 2242198 0.992753623188406
hs9 78297143 78330093 0.869565217391304
hs5 171309284 171312134 0.789855072463768
hs18 50282343 50288304 0.894927536231884
hs9 35099776 35103195 0.898550724637681
hs8 102204502 102239118 0.971014492753623
hs2 216412414 216483053 1
hs19 10013249 10022279 0.996376811594203
hs5 1877413 1887236 0.855072463768116
hs9 4709559 4742043 0.992753623188406
hsX 152830967 152869729 0.934782608695652
hs14 73949926 73963670 0.894927536231884
hs16 2520357 2531422 0.608695652173913
hs2 95402721 95416616 0.891304347826087
hs5 129094751 129114028 0.688405797101449
hs10 73248843 73252693 0.844202898550725
hs1 193096468 193106114 0.971014492753623
hs4 83455932 83469735 0.75
hs1 149887890 149900798 0.909420289855073
hs4 17577192 17607972 0.710144927536232
hs16 11679080 11742878 0.978260869565217
hs12 32727490 32755902 0.898550724637681
hs6 43054029 43059806 0.981884057971015
hs12 15911172 16037282 0.579710144927536
hs19 10251901 10260045 0.891304347826087
hs11 34853094 34916499 0.811594202898551
hs11 57712600 57740973 0.97463768115942
hs19 19515736 19529054 0.782608695652174
hs17 75261674 75266373 0.742753623188406
hs17 7288252 7294615 0.557971014492754
hs3 3126916 3150879 0.978260869565217
hs1 29192873 29230942 0.923913043478261
hs6 155257509 155314493 0.985507246376812
hs14 67676801 67695814 0.985507246376812
hs8 70635318 70669174 0.902173913043478
hs9 135499984 135504673 0.818840579710145
hs20 20017116 20033655 0.996376811594203
hs2 53670293 53860160 1
hs2 53670293 53860160 1
hs2 53670293 53860160 1
hs2 53670293 53860160 1
hs4 83034447 83075818 0.807971014492754
hs11 43556436 43856617 0.992753623188406
hs4 170060222 170091699 0.916666666666667
hs6 83859643 83967424 0.992753623188406
hs4 87336610 87391386 1
hs19 48813017 48836678 0.992753623188406
hs1 119368779 119394130 0.880434782608696
hs17 82035136 82037732 0.971014492753623
hs10 14838164 14871741 0.989130434782609
hs12 12813316 12829981 1
hs17 63600872 63608365 0.789855072463768
hs14 95533503 95544724 0.981884057971015
hs2 96836611 96858095 0.996376811594203
hs17 50367857 50373214 0.891304347826087
hs11 73872667 73876988 0.449275362318841
hs12 29337352 29381189 0.927536231884058
hs14 24232422 24239242 0.949275362318841
hs7 37848597 37900401 0.996376811594203
hs7 55951819 55956501 0.66304347826087
hs11 74171099 74254703 0.952898550724638
hs3 50569152 50596168 0.898550724637681
hs5 75511756 75601144 0.938405797101449
hs5 177511577 177517469 1
hs6 157700387 157945077 0.909420289855073
hs9 129665641 129722674 0.844202898550725
hs2 99400475 99490035 0.971014492753623
hs1 162790702 162812817 0.97463768115942
hs22 32387582 32412255 0.539855072463768
hs11 86302211 86345931 0.83695652173913
hs5 146113038 146182660 0.989130434782609
hs9 97904489 97922570 0.463768115942029
hs1 31296982 31364953 0.789855072463768
hs2 238060889 238099413 0.985507246376812
hs17 81911939 81921323 0.996376811594203
hs19 4174109 4182604 0.996376811594203
hs12 47782722 47833132 1
hs16 19501689 19522145 0.891304347826087
hs8 102826357 102893864 0.942028985507246
hs11 83156988 83187451 0.898550724637681
hs6 33416442 33418317 0.5
hs20 45416077 45426244 0.858695652173913
hs20 35542021 35557634 0.927536231884058
hsX 78129748 78139706 0.851449275362319
hs14 60144120 60169856 1
hs12 66135846 66170072 0.931159420289855
hs6 36854827 36875024 1
hs20 33358839 33401561 0.605072463768116
hs2 238426742 238452250 0.985507246376812
hs14 93934153 93976791 0.996376811594203
hs7 24573268 24694193 0.992753623188406
hs2 9423568 9473101 1
hs11 7665100 7677222 0.963768115942029
hs10 112374018 112428380 1
hs1 202961869 202967280 0.960144927536232
hs2 230712845 230821075 0.891304347826087
hs3 186567403 186597203 1
hs1 47333797 47378839 0.992753623188406
hs22 24494107 24528390 0.894927536231884
hs16 78099413 79212667 0.97463768115942
hs1 235131634 235328219 0.844202898550725
hs5 96760810 96808100 0.996376811594203
hs16 19167971 19268334 0.753623188405797
hs13 25372071 26025851 1
hs14 60709528 60724348 0.717391304347826
hs6 99369400 99394204 0.963768115942029
hs22 17178790 17221989 0.905797101449275
hs4 183099293 183320777 0.206521739130435
hs4 183099293 183320777 0.873188405797101
hs4 183099293 183320777 0.206521739130435
hs4 183099293 183320777 0.873188405797101
hs2 200870907 200889303 1
hs14 92121937 92172145 1
hs21 42496008 42581440 0.782608695652174
hs21 46286337 46297751 0.264492753623188
hs21 36034541 36079389 0.920289855072464
hs21 25585656 25607517 0.989130434782609
hs3 182938074 182985953 0.88768115942029
hs20 7882981 7940474 0.876811594202899
hs2 182716041 182794464 1
hs20 19886521 20002457 0.851449275362319
hs2 23748664 23927114 1
hs1 150293720 150308979 0.318840579710145
hs18 68673688 68715298 0.992753623188406
hs2 36968383 37084342 0.840579710144927
hs5 55256245 55307722 1
hs6 55434369 55579214 0.894927536231884
hs8 144078626 144080647 0.996376811594203
hs5 55738017 55817157 1
hs6 152987362 153002685 0.945652173913043
hs10 5861617 5889906 0.996376811594203
hsX 54530211 54561071 1
hs19 18919675 18928627 1
hs7 120950749 120977216 0.905797101449275
hs5 65665928 65723035 1
hs7 44565417 44575051 1
hs15 40978880 41116354 1
hs20 6006090 6040053 0.873188405797101
hs6 43605316 43629162 1
hs16 15060022 15094317 0.894927536231884
hs3 45755450 45796535 0.47463768115942
hs10 121957088 121975217 0.869565217391304
hs10 72332830 72355230 1
hs8 25427847 25458476 0.644927536231884
hs1 39841022 39883511 0.942028985507246
hs10 102918293 103090221 0.931159420289855
hsX 72204657 72239047 1
hs9 32972606 33025168 0.909420289855073
hs15 69298947 69407780 0.88768115942029
hsX 70423031 70433390 0.818840579710145
hs5 140401814 140539856 0.992753623188406
hs17 38800434 38825481 0.855072463768116
hs2 85342088 85354620 0.713768115942029
hs5 6599239 6633291 0.996376811594203
hs6 20534457 21232404 0.605072463768116
hs16 67987746 68079320 0.996376811594203
hs8 56957933 56993844 0.572463768115942
hs9 137306896 137423262 0.764492753623188
hs19 38915266 38930896 0.996376811594203
hs21 33485530 33491720 0.945652173913043
hs16 55508998 55586670 0.996376811594203
hs11 59806135 59810872 0.644927536231884
hs15 66336206 66386746 0.753623188405797
hs20 63939829 63956415 0.942028985507246
hs1 1311585 1324691 1
hs16 20409534 20441336 1
hs3 25782917 25794534 0.931159420289855
hs13 113490995 113554590 0.510869565217391
hs2 28849821 28870301 0.927536231884058
hs12 102120185 102197520 0.231884057971014
hs18 36187519 36272157 0.945652173913043
hs1 1401908 1407313 0.557971014492754
hs16 70113626 70162537 0.938405797101449
hs15 70654554 70763593 0.985507246376812
hs16 24919385 25015666 0.869565217391304
hs4 128061268 128222931 0.909420289855073
hs2 45388680 45612165 0.902173913043478
hs2 163593396 163736012 1
hs8 28089673 28191156 0.989130434782609
hs1 155610205 155614967 0.826086956521739
hs1 173824503 173858546 1
hs17 47941506 47948288 0.815217391304348
hs6 43671303 43687791 0.36231884057971
hs1 107056679 107059294 0.981884057971015
hs6 42206801 42217865 0.568840579710145
hs17 782273 792509 0.692028985507246
hsX 51490011 51496596 0.818840579710145
hs11 71453109 71524107 0.894927536231884
hs15 40765155 40807477 0.989130434782609
hs18 35984387 36067576 0.793478260869565
hs13 113455819 113490952 0.891304347826087
hs1 1512151 1534687 1
hs4 67612652 67701179 1
hs17 19495385 19579034 0.800724637681159
hs4 177309836 177362943 0.695652173913043
hs20 64255695 64287821 0.797101449275362
hs2 88170295 88186636 0.710144927536232
hs1 52895910 52927212 0.949275362318841
hs13 48037567 48047222 0.673913043478261
hs4 37826633 37862937 0.851449275362319
hs6 106629578 106668417 0.960144927536232
hs11 18529609 18588747 0.86231884057971
hs20 13008979 13169103 0.97463768115942
hs16 70299224 70373383 1
hs9 76385517 76394517 0.931159420289855
hs17 50478800 50485975 0.528985507246377
hs15 70829130 70854159 0.920289855072464
hs3 184186023 184194012 1
hs8 6708357 6759666 0.902173913043478
hs3 194640788 194672477 1
hs3 111979010 111993363 0.460144927536232
hs15 78264086 78282196 1
hs6 73394748 73417569 1
hs18 50967991 50988121 0.978260869565217
hs10 12068972 12123225 0.956521739130435
hs19 4791681 4801273 0.985507246376812
hs1 219685427 219958647 0.967391304347826
hs4 168216293 168318807 0.996376811594203
hs8 60678778 60868028 1
hs14 20446411 20455105 0.996376811594203
hs20 49219295 49244077 1
hs9 19230435 19373545 0.713768115942029
hs22 46330875 46357340 0.768115942028985
hs7 73302517 73308867 0.996376811594203
hs1 220094102 220148041 1
hs12 106357658 106510198 0.992753623188406
hs1 201829141 201884294 0.916666666666667
hs1 6634168 6701924 1
hs13 110615460 110639993 0.956521739130435
hs20 35115357 35147364 0.891304347826087
hs10 49734643 49762379 0.956521739130435
hs13 95801580 96053482 0.902173913043478
hs10 125836337 125896436 1
hs3 25718944 25790039 0.844202898550725
hs14 89954939 90044768 0.876811594202899
hs16 68021274 68023442 1
hs4 185363879 185395899 0.753623188405797
hs2 215996329 216082955 0.985507246376812
hs12 67269281 67319951 0.858695652173913
hs2 143091362 143768352 0.869565217391304
hsX 72329516 72573103 1
hs9 68232003 68300015 0.865942028985507
hs9 68232003 68300015 0.865942028985507
hs9 68232003 68300015 0.865942028985507
hs9 68232003 68300015 0.822463768115942
hs9 68232003 68300015 0.865942028985507
hs9 68232003 68300015 0.865942028985507
hs9 68232003 68300015 0.865942028985507
hs9 68232003 68300015 0.865942028985507
hs9 68232003 68300015 0.822463768115942
hs9 68232003 68300015 0.865942028985507
hs9 68232003 68300015 0.865942028985507
hs9 68232003 68300015 0.865942028985507
hs9 68232003 68300015 0.865942028985507
hs9 68232003 68300015 0.822463768115942
hs9 68232003 68300015 0.865942028985507
hs9 68232003 68300015 0.865942028985507
hs9 68232003 68300015 0.865942028985507
hs9 68232003 68300015 0.865942028985507
hs9 68232003 68300015 0.822463768115942
hs9 68232003 68300015 0.865942028985507
hs9 68232003 68300015 0.865942028985507
hs9 68232003 68300015 0.865942028985507
hs9 68232003 68300015 0.865942028985507
hs9 68232003 68300015 0.822463768115942
hs9 68232003 68300015 0.865942028985507
hs20 34872146 34927962 1
hs12 22046174 22065674 0.373188405797101
hs1 88935773 88992953 0.931159420289855
hs19 33208664 33225850 0.88768115942029
hs7 118214673 118242731 0.996376811594203
hsX 16588003 16712936 0.971014492753623
hs10 67796665 67838166 0.996376811594203
hs2 128091200 128195677 0.894927536231884
hs2 26847747 26950351 0.855072463768116
hs6 2765414 2786952 1
hs4 103079435 103099883 0.985507246376812
hs19 41386374 41397479 0.97463768115942
hs19 47403124 47419523 0.876811594202899
hs17 5440912 5469060 1
hs3 183015218 183116075 0.971014492753623
hs5 115520908 115544894 0.996376811594203
hs19 5784832 5791238 0.996376811594203
hs14 24439766 24442905 0.514492753623188
hs10 24848607 24952604 0.496376811594203
hs3 100334701 100356866 0.920289855072464
hs1 197911902 197935478 0.869565217391304
hs1 226897536 226987545 0.967391304347826
hs7 134527592 134541408 0.97463768115942
hs19 49429401 49442360 0.829710144927536
hs7 16599776 16645817 0.985507246376812
hs6 87514378 87590003 0.985507246376812
hs14 94048291 94081245 1
hs11 22338097 22379503 0.833333333333333
hs12 4321205 4354593 0.865942028985507
hs6 107152557 107459564 0.942028985507246
hs12 68686734 68745809 0.840579710144927
hs6 5102593 5260950 0.807971014492754
hs19 19645198 19663693 1
hs1 25617468 25786207 0.891304347826087
hs2 240565804 240581372 0.992753623188406
hs14 77800083 77935012 0.967391304347826
hs6 30908242 30926459 1
hs2 195575977 195737702 0.818840579710145
hs4 124664052 124712732 1
hs4 47485288 47593486 1
hs6 138161921 138344663 0.851449275362319
hs2 161424332 161985282 0.865942028985507
hs3 58237506 58295693 0.927536231884058
hs10 102869516 102901899 0.666666666666667
hs20 19212646 19722937 0.894927536231884
hs11 123525636 123627774 0.927536231884058
hs5 65722196 65871725 0.960144927536232
hs7 158730995 158830253 0.920289855072464
hs6 156777929 157210779 0.786231884057971
hs12 8681600 8783095 0.717391304347826
hs2 8725278 8837630 0.989130434782609
hs6 44299654 44313326 0.985507246376812
hs13 39655627 39791665 0.891304347826087
hs6 122443354 122471822 0.902173913043478
hs16 2177180 2196525 0.992753623188406
hs6 104728093 104859919 1
hs18 21704957 21870957 0.996376811594203
hs12 124946825 124989122 1
hs17 28905250 28951771 0.91304347826087
hs2 18554723 18560680 0.985507246376812
hs16 77788530 77980107 0.931159420289855
hs12 123602077 123620941 1
hs14 45135940 45200890 1
hs9 123379654 123930152 0.710144927536232
hs3 170459584 170586074 0.876811594202899
hs2 97492663 97589965 0.985507246376812
hs5 73552335 73565686 0.985507246376812
hs2 74216242 74343414 0.865942028985507
hs20 38033546 38127780 0.793478260869565
hs14 34561094 34630183 0.797101449275362
hs2 201644870 201698694 0.992753623188406
hs20 36573488 36593950 0.865942028985507
hs2 107986523 108013994 0.471014492753623
hs15 75023555 75117462 0.963768115942029
hs2 200889327 200903930 0.706521739130435
hs17 12992391 13018187 0.992753623188406
hs4 44678427 44700926 1
hs9 85941146 86022298 0.876811594202899
hs20 38962299 39039723 1
hs3 128153454 128408646 1
hs17 41812680 41823217 0.978260869565217
hs17 2303383 2325260 0.923913043478261
hs11 6680782 6683401 0.884057971014493
hs11 125164687 125433389 0.869565217391304
hs3 94062916 94128545 0.996376811594203
hs20 62952647 62969585 0.815217391304348
hs16 788622 800737 1
hs20 9986126 10058303 1
hs1 175010789 175023425 0.789855072463768
hs7 50444128 50542535 1
hs2 27781364 27891098 0.920289855072464
hs5 71587288 71658704 0.858695652173913
hs17 82057506 82065887 1
hs2 162267079 162318703 1
hs11 119149012 119162653 1
hs16 69328621 69330595 0.492753623188406
hs5 96875939 96919716 0.996376811594203
hs2 189746660 189763227 0.996376811594203
hs10 21756537 22003769 1
hs1 246540560 246566324 0.583333333333333
hs1 179081377 179098023 0.557971014492754
hs2 43812472 43838865 1
hs2 43838964 43878466 1
hs17 799313 979770 0.518115942028985
hs14 67241109 67335819 0.992753623188406
hs6 134917390 134950122 0.927536231884058
hs16 283152 287215 1
hs9 132592997 132670401 1
hs15 76336724 76342476 0.858695652173913
hs5 113513683 113595285 1
hs4 108742040 108763054 0.923913043478261
hs5 34998101 35048135 0.923913043478261
hs6 44113454 44127457 0.634057971014493
hs1 36455718 36464437 0.557971014492754
hs15 88467453 88480773 0.873188405797101
hs2 105037983 105099960 0.992753623188406
hs2 95087207 95149434 0.847826086956522
hs5 1798386 1801366 0.630434782608696
hs19 17292609 17306843 0.597826086956522
hs11 66435075 66466738 0.88768115942029
hs1 151759643 151763564 0.38768115942029
hs4 77862520 77952790 0.543478260869565
hs3 48625723 48635493 0.952898550724638
hs12 57619527 57626151 0.902173913043478
hs1 1751232 1780457 0.945652173913043
hs8 143603913 143609773 0.942028985507246
hs12 125065379 125143333 0.996376811594203
hs10 68901278 68946847 1
hs15 45402331 45421419 1
hs12 113157174 113185479 1
hs12 132144448 132152473 0.934782608695652
hs11 78100936 78139660 0.851449275362319
hs17 81976807 82017406 0.793478260869565
hs2 219209772 219229717 0.844202898550725
hs22 49900229 49918458 0.880434782608696
hs17 42101404 42112733 1
hs20 13784950 13821582 0.83695652173913
hs17 7235028 7239722 0.833333333333333
hs17 36591798 36600806 0.996376811594203
hs20 44475886 44494603 0.923913043478261
hs16 55323760 55330760 0.858695652173913
hs16 54283304 54286763 0.858695652173913
hs5 3596054 3601403 0.865942028985507
hs3 194402672 194498364 1
hs1 230906243 230978875 0.985507246376812
hs13 110641412 110713603 0.985507246376812
hs1 156737303 156741590 0.594202898550725
hs12 80936414 81261205 1
hs5 160251652 160345396 0.789855072463768
hs15 82130230 82262763 1
hs15 75346955 75357114 0.503623188405797
hs17 59565525 59608345 1
hs2 17663812 17800242 1
hs3 114005833 114088422 0.840579710144927
hs1 37802944 37808185 0.978260869565217
hs20 58689131 58719238 0.706521739130435
hs5 56099678 56233359 0.985507246376812
hs1 26410778 26429722 0.594202898550725
hs11 78435961 78574874 1
hs10 11742366 11764070 0.949275362318841
hs10 5638867 5666595 1
hs19 55452985 55462343 0.655797101449275
hs2 236324147 236507542 1
hs11 111786286 111879425 0.891304347826087
hs4 105708778 105847728 0.391304347826087
hs1 15572353 15585110 0.88768115942029
hs11 119185457 119190223 0.369565217391304
hs8 22106872 22109419 0.644927536231884
hs3 132654446 132678097 1
hs17 45023340 45061109 0.967391304347826
hs3 13479724 13506424 1
hs5 1456480 1523977 0.989130434782609
hs15 49858238 50182817 1
hs10 25016658 25026664 0.800724637681159
hs12 21437615 21471252 0.66304347826087
hs17 36601572 36608971 0.764492753623188
hs5 35617844 35814611 0.583333333333333
hs19 40691529 40718207 0.963768115942029
hs14 50237563 50312548 0.91304347826087
hs1 26432282 26471294 0.971014492753623
hs1 156243321 156248117 0.86231884057971
hs19 6467207 6482557 0.713768115942029
hs1 111187174 111204535 0.713768115942029
hs12 49346917 49357546 1
hsX 101009346 101052116 0.916666666666667
hs4 99896248 99946726 1
hs22 36487190 36507101 0.659420289855073
hs2 106093303 106194339 0.956521739130435
hs3 113716460 113746300 0.967391304347826
hs2 197453423 197475308 0.858695652173913
hs17 50426158 50474845 1
hs1 150487364 150507609 0.992753623188406
hs14 31489956 31861224 0.996376811594203
hs16 30985207 30989152 0.927536231884058
hs4 7058906 7068197 0.934782608695652
hs1 154983338 154993111 0.923913043478261
hs12 131929200 131945896 0.996376811594203
hs3 127672935 127680920 0.807971014492754
hs20 63895182 63936031 1
hs20 13849247 13996443 0.985507246376812
hs17 42561467 42566277 0.978260869565217
hs10 91798312 91865276 1
hs19 19561707 19618916 0.869565217391304
hs12 111686056 111757107 0.869565217391304
hs2 39736060 39779267 0.695652173913043
hs17 42950526 42964498 0.88768115942029
hs7 36153149 36301543 0.264492753623188
hs1 182789293 182830384 0.528985507246377
hs14 51240162 51257546 1
hs11 75434640 75525903 0.66304347826087
hs6 7881517 7910814 1
hs11 72292425 72434680 1
hs13 49247925 49293485 0.478260869565217
hs19 6135247 6193094 1
hs13 49308650 49444126 0.891304347826087
hs9 86264546 86282538 0.960144927536232
hs16 1826941 1840207 0.894927536231884
hs19 10701430 10713437 0.83695652173913
hs9 113373419 113376999 0.815217391304348
hs7 73736094 73738867 0.963768115942029
hs18 46917492 47102243 1
hs1 200623896 200669969 1
hs13 45464898 45536630 0.891304347826087
hs10 4786629 4848062 0.952898550724638
hs5 103548855 103562793 0.985507246376812
hs22 50200979 50217616 0.757246376811594
hs15 62390526 62844631 0.807971014492754
hs16 84122146 84145192 0.985507246376812
hs5 140360202 140375143 0.865942028985507
hs16 48244296 48363122 0.949275362318841
hs12 29500840 29784759 1
hs1 1471769 1497848 1
hs4 185204237 185370185 0.815217391304348
hs22 50245183 50251405 1
hs8 124488485 124539458 0.989130434782609
hs20 3227417 3239190 0.865942028985507
hs16 28974221 28984548 0.949275362318841
hs7 117710651 117874139 0.992753623188406
hs13 30202630 30307484 1
hs18 47107403 47150520 0.898550724637681
hs4 146253975 146521964 0.583333333333333
hs4 163471093 163473746 0.992753623188406
hs19 32597007 32676597 1
hs2 135136916 135531236 1
hs1 161225939 161230744 0.829710144927536
hs10 61901300 62096944 0.778985507246377
hs2 112541915 112577150 0.992753623188406
hs20 41402101 41618494 1
hs14 99397746 99480879 0.898550724637681
hs18 9885726 9889275 0.985507246376812
hs3 193402077 193593111 1
hs19 13764532 13774282 0.931159420289855
hs5 6371881 6378594 0.815217391304348
hs11 103062076 103092215 0.880434782608696
hs9 112379937 112472410 0.869565217391304
hs16 726936 735525 0.981884057971015
hs12 120503274 120534434 0.971014492753623
hs7 73680969 73683453 1
hs2 241702035 241729478 0.909420289855073
hs17 42773436 42779599 0.873188405797101
hs1 180269653 180502954 0.996376811594203
hs5 74721204 74767371 1
hs4 7965310 8158832 0.865942028985507
hs20 25006230 25058980 1
hs16 4803203 4847342 0.894927536231884
hsX 46599252 46759172 0.971014492753623
hs11 44065925 44084222 0.931159420289855
hs9 35812960 35815354 0.978260869565217
hs19 17334920 17342735 0.920289855072464
hs16 46884378 46931297 0.931159420289855
hs18 74534440 74587212 0.873188405797101
hs19 18193182 18196948 0.905797101449275
hs4 79225694 79326050 0.992753623188406
hs2 102715840 102736888 0.923913043478261
hs6 106571971 106629487 0.923913043478261
hs4 168863770 169010275 0.996376811594203
hs11 126202094 126211692 0.967391304347826
hs10 70098223 70132934 0.902173913043478
hsX 70925582 70931125 0.891304347826087
hs10 5890203 5937594 0.36231884057971
hs10 87751512 87841343 1
hs13 100603927 100675093 0.952898550724638
hs2 112055223 112119318 0.858695652173913
hs12 34022281 34029694 0.793478260869565
hs13 108218379 108234255 0.996376811594203
hs5 178208497 178232791 0.923913043478261
hs6 149504733 149546038 1
hs6 52361421 52407777 0.88768115942029
hs16 48166910 48247568 1
hs9 99216426 99221956 0.938405797101449
hs12 55820960 55830824 1
hs19 32978593 33064888 0.873188405797101
hs1 62454728 62688368 0.807971014492754
hs20 63558086 63574239 1
hs2 158968634 159232659 0.996376811594203
hs3 158644278 158692575 1
hs8 66021560 66100526 1
hs7 90335223 90391455 0.996376811594203
hs2 55634063 55693910 0.630434782608696
hs6 43427366 43450430 1
hs1 154321090 154325325 0.873188405797101
hs1 180230286 180278982 0.876811594202899
hsX 89921882 89922883 0.865942028985507
hs19 51097606 51108370 0.916666666666667
hsY 3579245 3579802 0.865942028985507
hs1 31790422 31816051 0.786231884057971
hs7 140673153 140696261 0.960144927536232
hs2 38797729 38875934 1
hs11 46277661 46321422 0.746376811594203
hs5 110738136 110765161 0.753623188405797
hs22 22644475 22647903 0.844202898550725
hs4 168356735 168537786 0.992753623188406
hs2 196967017 197311173 1
hs2 6865806 6898239 0.41304347826087
hs12 123232916 123257959 0.956521739130435
hs11 107502726 107565746 0.985507246376812
hs3 16265199 16350299 0.931159420289855
hs10 133394094 133421307 0.996376811594203
hs5 36098412 36151961 0.771739130434783
hs9 122264603 122323464 0.557971014492754
hs15 59206823 59208515 0.97463768115942
hs10 125896539 126009592 1
hs20 18567453 18763917 0.949275362318841
hs12 66302545 66347645 0.22463768115942
hs2 197705369 197708387 0.996376811594203
hs12 56266858 56270966 0.851449275362319
hs8 143574785 143578649 0.536231884057971
hs16 81988855 82011488 0.934782608695652
hs6 129576132 129710225 0.86231884057971
hs4 8269765 8307111 0.811594202898551
hs10 31805404 31928876 0.865942028985507
hs16 48082973 48156018 1
hs17 7626234 7627876 0.822463768115942
hs14 31446036 31457510 0.47463768115942
hs19 55039108 55071291 0.985507246376812
hs19 10310045 10316015 0.956521739130435
hs16 784974 788397 0.981884057971015
hs19 1905378 1913447 0.894927536231884
hs17 28394756 28407197 0.576086956521739
hs12 50392383 50480004 0.865942028985507
hs1 33081104 33120530 0.945652173913043
hs4 83407343 83455856 1
hs8 144509074 144511213 0.793478260869565
hs12 113422237 113438276 0.91304347826087
hs7 73683025 73705161 0.989130434782609
hs3 126571779 126655155 0.992753623188406
hs3 126571779 126655155 0.0072463768115942
hs3 126571779 126655155 0.992753623188406
hs3 126571779 126655155 0.0072463768115942
hs12 39755021 40106089 0.985507246376812
hs15 63121800 63142061 0.52536231884058
hs11 63369789 63410294 0.869565217391304
hs1 205913048 205943460 0.88768115942029
hs8 91209494 91398152 0.898550724637681
hs1 58415384 58546802 0.735507246376812
hs7 23298739 23311729 0.507246376811594
hs16 24845841 24911628 0.438405797101449
hs15 66293217 66333898 1
hs13 49628299 49633872 1
hs14 24290598 24299833 0.978260869565217
hs6 117675502 117710640 0.75
hs16 20623237 20698890 1
hs6 35943514 36024868 0.894927536231884
hs17 81833492 81835050 1
hs17 63819433 63830012 1
hs16 70246778 70251930 0.978260869565217
hs10 75233969 75236030 0.634057971014493
hs10 104268873 104304945 0.782608695652174
hs11 31369840 31432832 1
hs12 56923154 56934405 0.989130434782609
hs14 103928462 104052667 1
hs14 96392111 96489427 0.952898550724638
hs14 104724186 104747325 0.949275362318841
hs14 57390544 57415917 0.985507246376812
hs15 65001512 65029639 0.91304347826087
hs15 101653598 101724604 0.992753623188406
hs15 41981582 42051190 0.869565217391304
hs16 20451461 20487667 1
hs16 20854925 20900384 0.876811594202899
hs16 2969245 2973489 0.884057971014493
hs16 80597906 80804329 0.985507246376812
hs16 23522014 23557731 0.989130434782609
hs17 58420167 58488384 0.873188405797101
hs17 44034635 44067619 0.677536231884058
hs17 4556927 4560818 0.695652173913043
hs17 18950345 19022595 0.496376811594203
hs19 55349306 55354814 0.815217391304348
hs19 16479057 16496192 0.884057971014493
hs19 49453169 49471048 0.923913043478261
hs1 151070578 151125542 1
hs1 1308567 1311677 0.967391304347826
hs1 46506996 46514226 0.83695652173913
hs1 156591762 156594299 0.945652173913043
hs1 212791828 212816626 0.952898550724638
hs22 37830855 37849327 1
hs2 231961245 232344350 0.996376811594203
hs6 42050513 42087461 0.786231884057971
hs2 43637273 43767987 0.851449275362319
hs2 19896643 19901986 0.942028985507246
hs3 180983709 180989774 0.992753623188406
hs3 14112077 14124870 0.815217391304348
hs3 11790442 11846919 0.869565217391304
hs4 44682200 44726595 0.782608695652174
hs4 56338287 56387508 0.97463768115942
hs5 34929593 34958964 1
hs5 149345430 149354583 0.934782608695652
hs6 143422832 143450673 0.952898550724638
hs6 125956781 125980244 0.909420289855073
hs7 135926761 135977353 0.992753623188406
hs7 135926761 135977353 0.0543478260869565
hs7 135926761 135977353 0.992753623188406
hs7 135926761 135977353 0.0543478260869565
hs7 134127299 134264591 1
hs7 151175698 151187832 0.992753623188406
hs7 117363222 117428123 0.992753623188406
hs8 66430185 66471601 0.692028985507246
hs9 127692978 127724873 0.644927536231884
hs9 34621379 34628107 0.826086956521739
hsX 75274085 75304600 0.920289855072464
hsX 15281697 15315656 0.989130434782609
hs4 176213673 176277571 0.996376811594203
hs15 100602534 100651705 0.992753623188406
hs12 48147788 48181213 1
hs20 62463497 62475970 0.847826086956522
hs20 25612935 25624175 0.630434782608696
hs7 123567010 123639481 0.989130434782609
hs3 57268347 57292682 0.985507246376812
hsX 64224196 64230631 0.985507246376812
hs10 95194200 95228928 0.992753623188406
hs10 114938193 114977676 0.992753623188406
hs10 28050993 28334486 0.996376811594203
hs11 7238778 7469042 0.920289855072464
hs12 95943293 95968716 0.471014492753623
hs12 38316578 38329728 0.793478260869565
hs12 128853427 128984968 0.405797101449275
hs13 43879284 43893932 0.221014492753623
hs14 67701886 67734452 0.992753623188406
hs14 94768216 94770230 0.83695652173913
hs14 50872160 50904970 0.996376811594203
hs17 82942155 83051810 0.33695652173913
hs17 19678288 19718979 0.793478260869565
hs17 28897781 28903071 0.981884057971015
hs18 23598926 23662885 0.985507246376812
hs19 45764785 45769226 0.782608695652174
hs19 1782075 1812276 1
hs1 114089291 114153919 0.923913043478261
hs1 222712553 222735196 0.840579710144927
hs1 205828022 205850132 0.898550724637681
hs1 100896076 100981753 0.963768115942029
hs22 16590751 16592810 1
hs22 20965108 20981360 0.992753623188406
hs22 40859549 40862126 1
hs2 97083583 97094882 0.891304347826087
hs4 78887127 78939438 0.894927536231884
hs5 90458203 90474768 0.605072463768116
hs5 2745845 2751662 0.858695652173913
hs6 133988697 134052636 0.985507246376812
hs7 48171458 48647496 1
hs7 73834590 73842535 0.760869565217391
hs8 73294612 73325281 0.996376811594203
hs8 100509752 100559784 0.992753623188406
hs8 86214052 86321146 0.865942028985507
hs9 132725578 132878777 0.989130434782609
hs9 97600080 97633575 0.38768115942029
hsX 57286706 57489196 0.960144927536232
hsX 120109053 120115937 0.840579710144927
hsX 70234655 70240627 0.902173913043478
hs10 99532933 99536524 0.753623188405797
hs10 93893973 93956062 0.721014492753623
hs11 26667019 26723427 0.536231884057971
hs11 18455824 18479600 0.949275362318841
hs12 82686880 83134870 0.916666666666667
hs12 88142296 88199887 0.960144927536232
hs12 105019784 105084577 0.963768115942029
hs12 31382223 31591097 0.72463768115942
hs13 38965925 38991066 0.884057971014493
hs15 43330674 43354555 0.807971014492754
hs17 44004546 44009063 0.557971014492754
hs17 7041630 7043923 0.742753623188406
hs1 114582848 114670422 0.721014492753623
hs1 197504748 197775696 0.710144927536232
hs1 91260766 91404869 1
hs1 25861210 25871253 0.873188405797101
hs2 74518131 74526336 1
hs3 128462439 128467248 1
hs4 122923074 123319450 1
hs7 151956379 152019934 0.380434782608696
hsX 22999961 23003589 1
hs7 150514830 150521073 0.463768115942029
hs8 116950273 117176714 0.971014492753623
hs3 154272546 154324497 1
hsX 51332231 51337525 0.840579710144927
hs8 56300010 56320776 1
hs11 28108248 28333507 0.550724637681159
hs11 31432401 31509645 0.945652173913043
hs12 55681546 55684611 0.86231884057971
hs16 75111860 75116771 0.902173913043478
hs16 89088375 89155846 1
hs1 48222685 48248644 0.409420289855072
hs1 145845629 145848953 0.449275362318841
hs1 228165815 228182257 0.876811594202899
hs2 96824526 96857934 1
hs3 94047836 94063389 0.923913043478261
hs17 9771434 9791297 1
hs17 17200995 17206315 0.326086956521739
hs17 7036075 7040121 0.764492753623188
hs17 82018702 82024107 0.420289855072464
hs17 72645949 73092712 0.550724637681159
hs17 75827225 75844717 0.86231884057971
hs5 139408588 139444491 1
hs5 36248434 36302114 0.869565217391304
hs8 144373101 144393242 0.967391304347826
hs8 142212080 142403240 0.920289855072464
hs8 38974164 38988662 0.804347826086957
hs9 98731329 98796965 0.985507246376812
hs16 20359170 20404737 0.996376811594203
hs5 115962454 116027619 0.996376811594203
hsX 2219516 2502805 0.981884057971015
hs1 1449689 1470158 1
hs13 27792643 27794768 0.822463768115942
hs11 125063067 125090516 0.815217391304348
hs11 68891276 68903835 0.634057971014493
hs11 59636716 59668980 0.793478260869565
hs11 77216558 77301687 0.905797101449275
hs10 18545561 18651622 0.996376811594203
hs6 109492856 109691217 0.985507246376812
hs6 18155329 18223853 0.931159420289855
hs7 18026774 18027863 0.978260869565217
hs7 4905989 4959213 0.344202898550725
hs7 103099776 103149560 0.695652173913043
hs12 100357079 100422059 0.771739130434783
hs17 16683438 16684227 0.717391304347826
hs6 108294894 108526796 0.949275362318841
hs8 11769639 11787346 0.434782608695652
hs1 92029982 92063536 0.956521739130435
hsY 24045604 24047688 0.989130434782609
hs12 31647160 31673114 0.86231884057971
hs2 171999583 172082430 0.978260869565217
hs11 65833641 65856896 0.818840579710145
hs15 34358618 34367278 0.626811594202899
hs16 15395754 15413268 0.884057971014493
hs9 110303521 110337884 0.985507246376812
hs3 142163572 142225607 0.960144927536232
hs5 80111651 80256079 0.894927536231884
hs6 28503296 28528215 0.942028985507246
hs10 116671192 116742574 0.807971014492754
hs19 49889654 49929539 0.909420289855073
hs1 113390749 113685923 0.945652173913043
hs1 168178933 168202114 0.873188405797101
hs10 27672875 27746060 0.855072463768116
hs11 74330318 74398473 0.77536231884058
hs12 56237807 56258391 1
hs15 42067009 42094554 0.898550724637681
hs17 75516060 75524739 0.804347826086957
hs17 6684713 6713567 0.855072463768116
hs17 80219699 80253500 0.956521739130435
hs17 59220467 59275967 0.851449275362319
hs18 75195108 75209348 0.931159420289855
hs1 42380795 42422578 0.644927536231884
hs2 27275421 27281499 1
hs3 143265222 143848531 0.967391304347826
hs3 3700814 4467281 0.409420289855072
hs3 9837849 9844602 0.423913043478261
hs4 73056080 73069755 0.905797101449275
hs4 48497361 48780322 0.800724637681159
hs5 151276762 151303766 0.934782608695652
hs6 109390215 109441171 1
hs7 151012209 151024499 0.844202898550725
hsX 139726346 139945276 1
hs3 71675416 71754773 0.923913043478261
hs21 13609858 13641585 0.989130434782609
hs12 132136594 132144335 1
hs11 83193739 83260694 1
hs5 1201595 1225117 0.47463768115942
hs7 20615207 20777038 1
hs12 7304284 7328724 1
hs18 12093853 12129749 0.971014492753623
hs3 142949164 142963682 0.847826086956522
hs3 193274790 193378843 1
hs4 87303789 87322906 1
hs1 31409565 31434680 0.898550724637681
hs3 138261437 138329886 0.985507246376812
hs15 64911902 64958700 0.996376811594203
hs16 20536226 20576427 1
hs5 1225355 1246189 0.47463768115942
hs5 45259247 45696151 0.981884057971015
hs3 139560180 139678017 0.855072463768116
hs4 2071918 2242121 0.590579710144927
hs19 1383527 1395589 0.804347826086957
hs10 113854661 113917194 0.5
hs11 73950319 73970366 1
hs14 104085679 104115581 1
hs15 90929964 90932569 0.478260869565217
hs18 14728272 14852738 0.996376811594203
hs18 79069285 79378283 1
hs19 5680604 5688523 0.985507246376812
hs19 19528861 19537581 0.91304347826087
hs7 103352730 103446177 0.891304347826087
hs9 95875701 96014571 1
hs9 95875701 96014571 0.173913043478261
hs9 95875701 96014571 1
hs9 95875701 96014571 0.173913043478261
hs9 137459953 137550534 0.876811594202899
hs19 17468769 17506168 0.989130434782609
hs1 46340177 46365152 0.996376811594203
hs10 89430299 89556641 0.797101449275362
hs10 116849512 116911788 0.978260869565217
hs11 74491712 74493733 0.851449275362319
hs18 14507339 14543585 0.985507246376812
hs1 110150486 110202202 0.471014492753623
hs1 234373456 234384049 0.811594202898551
hs2 102473303 102533972 0.967391304347826
hs4 42893267 43030658 0.840579710144927
hs6 104957048 105083332 0.565217391304348
hs6 150368892 150405969 0.33695652173913
hs11 44047981 44059977 0.931159420289855
hs11 95025258 95027596 0.923913043478261
hs11 122977570 122981720 0.793478260869565
hs10 124748149 124791870 0.934782608695652
hs2 95836919 95991831 0.981884057971015
hs9 20999515 21031636 0.88768115942029
hs5 140401908 140549569 0.992753623188406
hs14 19402486 19434341 0.985507246376812
hs9 83623049 83644130 0.746376811594203
hs13 52012398 52029664 0.931159420289855
hs15 39934146 40035591 1
hs15 54012904 54633414 0.905797101449275
hs4 74114174 74303099 0.920289855072464
hs7 134549136 134579875 0.956521739130435
hs9 40223285 40266392 0.985507246376812
hs1 1418420 1421769 0.996376811594203
hs2 131218067 131265278 1
hs2 98599310 98608515 0.713768115942029
hs12 104303739 104305202 0.865942028985507
hs5 55160118 55167071 0.938405797101449
hs9 111631352 111654351 1
hs9 111631386 111670229 1
hs16 30192934 30194306 0.91304347826087
hs16 30192934 30194306 0.91304347826087
hs16 30192934 30194306 0.91304347826087
hs16 30192934 30194306 0.91304347826087
hs15 43794162 43800221 0.844202898550725
hs14 18967434 18999012 0.985507246376812
hs9 41131306 41199261 0.865942028985507
hs10 49364181 49396016 0.83695652173913
hs20 21395367 21398028 0.771739130434783
hs1 148479824 148483679 1
hs1 145241630 145242124 1
hs2 130459455 130509666 1
hs1 120889746 120890405 1
hs1 146344006 146344790 1
hs2 130611481 130658091 1
hsX 120072264 120077705 0.818840579710145
hs2 241734579 241768816 0.898550724637681
hs2 130073535 130129222 1
hs14 23953586 23969279 0.952898550724638
hs5 75611459 75671846 0.996376811594203
hs1 144372875 144373659 1
hs1 144372875 144373659 1
hs1 144372875 144373659 1
hs1 144372875 144373659 1
hs10 103245887 103248016 0.942028985507246
hs7 16091192 16421322 0.376811594202899
hs19 10304803 10309880 0.869565217391304
hs1 161037631 161038990 0.847826086956522
hs19 19145568 19170289 0.891304347826087
hs7 102482445 102517781 0.923913043478261
hs15 20835372 20866314 0.989130434782609
hs15 20835372 20866314 0.989130434782609
hs15 20835372 20866314 0.989130434782609
hs15 20835372 20866314 0.989130434782609
hs15 21408243 21440451 0.989130434782609
hs2 18555545 18589564 0.981884057971015
hs15 79845195 79923754 0.822463768115942
hs6 34288770 34426048 0.985507246376812
hs17 42950526 42980528 0.934782608695652
hs4 88520985 88523813 0.282608695652174
