hs16 70252295 70289543 0.980456026058632
hs16 8674565 8784575 0.921824104234528
hs9 104781002 104928237 0.985342019543974
hs9 137007227 137028922 0.978827361563518
hs16 2275881 2340746 0.985342019543974
hsX 75053172 75156732 0.980456026058632
hs6 30571376 30597179 0.985342019543974
hs1 93992835 94121132 0.985342019543974
hs3 38103129 38137242 0.656351791530945
hs17 37084988 37406818 0.962540716612378
hs12 109116595 109268226 0.952768729641694
hs11 108121516 108147776 0.666123778501629
hs6 159760328 159779055 0.669381107491857
hs17 41866908 41930542 0.827361563517915
hs9 32384603 32454769 0.907166123778502
hs22 41469125 41528989 0.91042345276873
hs2 264140 278283 0.651465798045603
hs3 51983340 51989197 0.754071661237785
hs14 75053221 75069483 0.493485342019544
hs2 53970838 54305300 0.561889250814332
hs20 44619522 44652233 0.408794788273616
hs2 70607618 70768225 0.407166123778502
hs10 109996368 110135565 0.438110749185668
hs4 99276367 99291028 0.827361563517915
hs4 99304964 99321442 0.828990228013029
hs4 99336492 99353027 0.828990228013029
hs4 99123657 99157792 0.815960912052117
hs4 99070978 99088801 0.824104234527687
hs4 99202638 99219537 0.822475570032573
hs4 99412261 99435737 0.814332247557003
hs10 74151185 74709303 0.636807817589576
hs22 40346500 40369367 0.944625407166124
hs1 244408494 244452134 0.933224755700326
hs2 240868479 240880502 0.798045602605863
hs20 34280268 34311802 0.705211726384365
hs9 127866480 127877743 0.978827361563518
hs1 33007984 33080996 0.980456026058632
hs1 65147549 65232145 0.972312703583062
hs1 65147549 65232145 0.97557003257329
hs1 65147549 65232145 0.972312703583062
hs1 65147549 65232145 0.97557003257329
hs9 113386317 113401333 0.838762214983713
hs3 52198086 52214327 0.783387622149837
hsX 55009055 55031064 0.793159609120521
hsX 153724868 153744762 0.978827361563518
hs9 72900662 73080442 0.871335504885994
hs12 111766887 111809985 0.866449511400652
hs17 19737984 19748943 0.884364820846905
hs9 38392664 38398661 0.874592833876222
hs15 100877714 100916626 0.877850162866449
hs11 68008578 68029282 0.86970684039088
hs11 67662162 67681200 0.859934853420195
hs1 165662216 165698863 0.879478827361563
hs17 19648136 19677598 0.863192182410424
hs12 39550033 39619751 0.988599348534202
hs7 134442350 134459284 0.785016286644951
hs2 232456123 232460032 0.335504885993485
hs1 21509372 21578412 0.337133550488599
hs2 232378534 232382889 0.330618892508143
hs2 232406843 232410714 0.333876221498371
hs3 49416778 49422753 0.719869706840391
hs8 41653220 41896762 0.52442996742671
hs4 112818109 113383740 0.534201954397394
hs15 89784889 89815401 0.638436482084691
hs9 34329506 34343713 0.537459283387622
hs14 20455191 20457772 0.811074918566775
hs16 88809339 88811944 0.765472312703583
hs12 49950741 49958881 0.495114006514658
hs9 33441154 33447611 0.490228013029316
hs9 33383179 33402682 0.480456026058632
hs9 33383179 33402682 0.340390879478827
hs9 33383179 33402682 0.478827361563518
hs9 33383179 33402682 0.480456026058632
hs9 33383179 33402682 0.340390879478827
hs9 33383179 33402682 0.478827361563518
hs9 33383179 33402682 0.480456026058632
hs9 33383179 33402682 0.340390879478827
hs9 33383179 33402682 0.478827361563518
hs6 131573144 131584332 0.584690553745928
hs14 67619798 67651720 0.571661237785016
hsX 153907367 153934999 0.00162866449511401
hsX 11137543 11665701 0
hs10 102673731 102714407 0.586319218241042
hs7 66075798 66093558 0.9185667752443
hs19 12737139 12748323 0.612377850162866
hs7 97852118 97872542 0.672638436482085
hs9 130444929 130501274 0.874592833876222
hs2 215311817 215349773 0.920195439739414
hs1 116372668 116410261 0.931596091205212
hs1 160115759 160143591 0.933224755700326
hs19 41966582 41997497 0.929967426710098
hs13 24680411 24712493 0.925081433224756
hs16 28878405 28904509 0.929967426710098
hs12 110280756 110351093 0.928338762214984
hs17 3923870 3964464 0.938110749185668
hs12 89588049 89709300 0.931596091205212
hs3 10324023 10708031 0.931596091205212
hsX 153517676 153582939 0.93485342019544
hs1 203626561 203744081 0.93485342019544
hs19 35550043 35563658 0.933224755700326
hs18 46080248 46104334 0.980456026058632
hs5 126541841 126595418 0.864820846905538
hs12 56638175 56646068 0.98371335504886
hs10 7788129 7807815 0.931596091205212
hs19 1241746 1244826 0.566775244299674
hs20 59025467 59032382 0
hs17 48892765 48895871 0.322475570032573
hs12 53632726 53677408 0.299674267100977
hs2 175176258 175184607 0.312703583061889
hs3 113747019 113812056 0.982084690553746
hs2 70935882 70965406 0.980456026058632
hs8 20197367 20226819 0.977198697068404
hsX 77910656 78050395 0.938110749185668
hs21 33903453 33915980 0.802931596091205
hs13 51932673 52011494 0.941368078175896
hs9 91213815 91361913 0.749185667752443
hs2 214725646 214809711 0.465798045602606
hs15 72686179 72738476 0.653094462540717
hs12 24810022 24949459 0.794788273615635
hs19 48795062 48811029 0.820846905537459
hs19 41397460 41431345 0.758957654723127
hs6 80106647 80346270 0.9185667752443
hs19 44747705 44760044 0.464169381107492
hs19 589893 617159 0.413680781758958
hs2 218658764 218663443 0.980456026058632
hs3 197509783 197573323 0.960912052117264
hs5 79111779 79132290 0.708469055374593
hs15 90717327 90816165 0.929967426710098
hs19 40447789 40465840 0.439739413680782
hs7 134646808 134679813 0.742671009771987
hs6 3118374 3153578 0.768729641693811
hs2 27217390 27243943 0.972312703583062
hs19 12938578 12944489 0.00162866449511401
hs5 179678628 179730925 0.00162866449511401
hs11 3000922 3057613 0.972312703583062
hs11 34438925 34472062 0.447882736156352
hs21 36069941 36073166 0.962540716612378
hs21 36134912 36146566 0.965798045602606
hs21 43053191 43076943 0.921824104234528
hs9 128832942 128882494 0.956026058631922
hs1 20588948 20618908 0.560260586319218
hsY 10190377 10192298 0.674267100977199
hs4 84582979 84651338 0.941368078175896
hs13 27962137 27971139 0.00162866449511401
hs4 140388455 140427968 0.00325732899022801
hs7 117465784 117715971 0.985342019543974
hs17 7884806 7912760 0.640065146579805
hs12 6570083 6607476 0.671009771986971
hs10 5195462 5218949 0.781758957654723
hs7 143316126 143352083 0.45114006514658
hs3 184346185 184361651 0.425081433224756
hsX 10156945 10237660 0.57328990228013
hsX 49922615 50099235 0.60586319218241
hs1 11806096 11843144 0.529315960912052
hs1 16018875 16034050 0.340390879478827
hs10 99782732 99852192 0.980456026058632
hs22 19941607 19969975 0.45114006514658
hs9 113150942 113164137 0.00162866449511401
hs2 97646040 97648383 0.00325732899022801
hs19 35648223 35658861 0
hs17 14069496 14208677 0.685667752442997
hs3 98521132 98593723 0.457654723127036
hs2 210477682 210679107 0.946254071661238
hs2 207529737 207603431 0
hs2 175072250 175168382 0
hs10 35126791 35212958 0.00325732899022801
hs4 5748084 5893058 0.789902280130293
hs19 47819779 47843330 0.00162866449511401
hs1 74705482 74733408 0.822475570032573
hs12 56271699 56300392 0.801302931596091
hs12 76858715 76879060 0.00162866449511401
hs4 1211448 1249953 0.908794788273616
hs10 124984317 125161170 0.908794788273616
hs1 70411218 70439851 0.853420195439739
hs3 41194837 41260096 0
hs1 40979335 41012565 0.957654723127036
hs8 144095027 144097525 0.271986970684039
hs2 135906677 135986100 0.993485342019544
hs1 100186919 100249834 0.807817589576547
hs4 182890060 182917936 0.739413680781759
hs10 4963253 5107522 0.775244299674267
hs10 4922564 5135226 0.760586319218241
hs2 15591178 15631111 0.929967426710098
hsX 41333348 41364472 0.954397394136808
hs17 64499616 64508199 0.969055374592834
hs11 118747766 118791149 0.960912052117264
hs17 43483865 43544463 0.960912052117264
hs1 182839369 182887751 0.506514657980456
hs11 108665025 108940930 0.938110749185668
hs4 24517441 24584550 0.498371335504886
hs8 90001405 90052092 0.970684039087948
hs5 80626228 80654983 0.614006514657981
hs16 72008588 72027664 0.9185667752443
hs22 42617840 42649568 0.653094462540717
hs16 69706996 69726951 0.412052117263844
hsX 154762742 154777689 0.957654723127036
hs11 112024814 112064390 0.799674267100977
hs7 107890970 107931730 0.969055374592834
hs3 197042560 197299300 0.91042345276873
hs11 83455012 85627922 0.874592833876222
hsX 70444861 70505490 0.931596091205212
hs17 7189890 7219702 0.920195439739414
hs14 74881891 74903745 0.822475570032573
hs17 49990005 49995224 0
hs7 97005548 97011039 0
hs9 133663560 133739955 0.807817589576547
hs10 68414064 68472121 0.420195439739414
hs19 10133345 10231286 0.428338762214984
hs10 17142254 17202054 0.39413680781759
hs11 119096503 119108331 0.703583061889251
hs1 97077743 97921049 0.931596091205212
hs8 104330324 104467053 0.798045602605863
hs8 26514275 26658178 0.775244299674267
hs5 147390811 147510056 0.794788273615635
hs7 107765467 107803225 0.638436482084691
hs17 18087886 18107971 0.985342019543974
hs19 925781 975934 0
hs5 149960737 149993455 0.63029315960912
hs2 241675742 241686991 0.693811074918567
hs15 48331011 48343373 0.770358306188925
hs9 129812944 129824134 0.705211726384365
hs22 50525752 50530085 0.558631921824104
hs19 38815422 38832005 0.723127035830619
hs10 133362480 133373689 0.755700325732899
hs3 172750682 172821474 0.00162866449511401
hs6 73515750 73523797 0.99185667752443
hs20 63488013 63499315 0.995114006514658
hs11 62559601 62574086 0.340390879478827
hs19 3976056 3985469 0.99185667752443
hs14 67359997 67386516 0.614006514657981
hs12 123620406 123633766 0.441368078175896
hsX 24054716 24077971 0.995114006514658
hs17 7572706 7579005 0.923452768729642
hs3 186783205 186789900 0.970684039087948
hs2 72916260 72936071 0
hs7 155458129 155464831 0
hs1 8861002 8879249 0.970684039087948
hs12 6913745 6923698 0.973941368078176
hs17 4948092 4957131 0.977198697068404
hs4 110365733 110565285 0.644951140065147
hs9 121338988 121370304 0.752442996742671
hs8 27490779 27545564 0.840390879478827
hs1 219968601 220046658 0.98371335504886
hs13 46771256 46797232 0.485342019543974
hs1 46394265 46413848 0.874592833876222
hs4 184755595 184826818 0.861563517915309
hs2 222860934 222944639 0.871335504885994
hsX 109624244 109733403 0.86970684039088
hs19 12922479 12934037 0.97557003257329
hs17 82078338 82098332 0.952768729641694
hs9 94603133 94640249 0.45114006514658
hs1 155308748 155320666 0.819218241042345
hs11 110429883 110464881 0.372964169381107
hs17 74862497 74873031 0.719869706840391
hs18 57548283 57586772 0.741042345276873
hs1 241497603 241519761 0.94299674267101
hs3 59749310 61251459 0.728013029315961
hs1 37996770 38005606 0.00814332247557003
hs20 1368978 1393172 0.672638436482085
hs2 24049701 24063681 0.666123778501629
hs11 64241003 64244132 0.706840390879479
hs14 45115600 45135319 0.646579804560261
hs12 2794953 2805423 0.690553745928339
hs6 35573585 35728583 0.688925081433225
hs17 28879335 28897679 0.299674267100977
hs1 171248471 171285978 0.464169381107492
hs1 171090877 171117819 0.543973941368078
hs1 147175351 147243050 0.473941368078176
hs9 127794597 127814327 0.956026058631922
hs18 63327726 63367510 0.970684039087948
hsX 154531391 154547572 0.620521172638437
hs11 119024114 119030906 0.59771986970684
hs22 41621119 41664048 0
hs15 50275392 50355408 0.46742671009772
hs1 23795599 23800804 0.933224755700326
hs17 75751594 75765711 0.392508143322476
hs12 6533927 6538374 0.969055374592834
hs7 30594681 30634033 0.50814332247557
hs21 33503931 33543491 0.972312703583062
hsX 48786554 48794311 0
hs3 128479427 128493185 0.00162866449511401
hs10 8053604 8075198 0.00325732899022801
hs14 54842008 54902852 0.723127035830619
hs2 27496842 27523684 0.350162866449511
hs16 81081961 81096403 0.775244299674267
hs16 81081961 81096403 0.775244299674267
hs16 81081961 81096403 0.775244299674267
hs16 81081961 81096403 0.775244299674267
hs2 69319769 69387254 0.949511400651466
hs22 24583750 24629005 0.534201954397394
hs22 24583750 24629005 0.539087947882736
hs22 24583750 24629005 0.553745928338762
hs22 24583750 24629005 0.534201954397394
hs22 24583750 24629005 0.539087947882736
hs22 24583750 24629005 0.553745928338762
hs22 24583750 24629005 0.534201954397394
hs22 24583750 24629005 0.539087947882736
hs22 24583750 24629005 0.553745928338762
hsX 30653359 30731456 0.721498371335505
hs9 6532464 6645650 0.726384364820847
hs6 38675925 38703141 0.486970684039088
hs5 95751319 95823005 0.496742671009772
hs10 87050486 87094866 0.710097719869707
hsX 121047588 121050080 0.711726384364821
hs1 182381704 182392206 0.822475570032573
hs6 1623806 2245692 0.905537459283388
hs6 16238580 16295549 0.93485342019544
hs6 30541377 30557174 0.941368078175896
hs10 99396870 99430624 0.306188925081433
hs16 58707131 58734357 0.486970684039088
hs12 50103819 50111319 0.921824104234528
hs19 34359480 34402156 0.877850162866449
hs8 144502973 144507174 0.936482084690554
hs3 49357176 49358600 0.496742671009772
hs14 64939152 64942905 0.488599348534202
hs5 151020438 151028993 0.49185667752443
hs19 1103926 1106791 0.498371335504886
hs6 28525925 28534952 0.49185667752443
hs1 52602372 52609051 0.495114006514658
hs10 85599555 86366493 0.452768729641694
hs4 92304399 93774556 0.298045602605863
hs11 120511759 120988904 0.345276872964169
hs19 41998321 42069498 0.315960912052117
hs8 143990058 143993415 0.348534201954397
hs15 43746392 43773279 0.95928338762215
hs22 19148576 19150283 0
hs16 11868128 11916082 0.993485342019544
hs8 30678061 30727926 0.985342019543974
hs22 23957414 23961186 0.363192182410423
hs22 23957414 23961186 0.361563517915309
hs22 23957414 23961186 0.363192182410423
hs22 23957414 23961186 0.361563517915309
hs14 77320884 77331597 0.372964169381107
hs2 47695530 47810101 0.832247557003257
hs14 81175452 81221377 0
hs15 59638062 59657541 0.00325732899022801
hs8 30578318 30658251 0.00162866449511401
hs13 45120515 45284909 0.00325732899022801
hs11 18322295 18367044 0
hs1 228139962 228148984 0.957654723127036
hsX 53431258 53434373 0.962540716612378
hs16 1795620 1827194 0.889250814332248
hs2 26190635 26244726 0.767100977198697
hs2 26243170 26290468 0.667752442996743
hs5 140673173 140692024 0.982084690553746
hs6 113933028 114011308 0.612377850162866
hs10 94501434 94613905 0.659609120521173
hs5 131159027 131171735 0.964169381107492
hs21 36750888 36990236 0.863192182410424
hs11 119084866 119093549 0.843648208469055
hs1 23801885 23838620 0.833876221498371
hs2 74513463 74517147 0.00325732899022801
hs17 48528526 48530997 0
hs17 48548870 48604912 0
hs12 54016931 54056030 0.00325732899022801
hs12 54009106 54012362 0
hs2 176188579 176190907 0
hs2 176108790 176119942 0.00162866449511401
hs2 176099730 176101193 0.00325732899022801
hs4 174490177 174523154 0.970684039087948
hsX 134460153 134520513 0.824104234527687
hs1 119507198 119515054 0.86970684039088
hs1 119414931 119423035 0.825732899022801
hs1 209686178 209734950 0.962540716612378
hs16 67430652 67437553 0.95928338762215
hs17 42549214 42555213 0.965798045602606
hs9 96235306 96302152 0.962540716612378
hs16 82035004 82098534 0.969055374592834
hs5 119452443 119637199 0.96742671009772
hs8 144291591 144314722 0.00162866449511401
hs6 122399546 122433119 0.00162866449511401
hs16 67163385 67169945 0
hs2 219279267 219286900 0.986970684039088
hs9 33025211 33039907 0.990228013029316
hs6 31815464 31817946 0.988599348534202
hs6 31815464 31817946 0.986970684039088
hs6 31815464 31817946 0.988599348534202
hs6 31815464 31817946 0.986970684039088
hs6 31809619 31815065 0.99185667752443
hs14 64535905 64546173 0.985342019543974
hs5 133051962 133106449 0.986970684039088
hs9 125234853 125241330 0.982084690553746
hs1 161524540 161526910 0.986970684039088
hs11 123057489 123063230 0.99185667752443
hs5 138554882 138575444 0.985342019543974
hs14 102080738 102139699 0.649837133550489
hs6 44246166 44253888 0.649837133550489
hs2 197486581 197516737 0.985342019543974
hs2 197499994 197503457 0.97557003257329
hs19 14514770 14529770 0.985342019543974
hs11 64230278 64234286 0.990228013029316
hs9 92210207 92293716 0.988599348534202
hs17 75012670 75021261 0.501628664495114
hs2 208236227 208266074 0.583061889250814
hs15 90083045 90102504 0.591205211726384
hs15 78131498 78171949 0.874592833876222
hs20 2658395 2664219 0.874592833876222
hsX 153785766 153794523 0.874592833876222
hs8 81657961 81686693 0.820846905537459
hs18 11981025 12030883 0.815960912052117
hs7 128392277 128410252 0.944625407166124
hs3 49024325 49029408 0.94299674267101
hs4 183504994 183511096 0.00162866449511401
hs15 78437431 78501456 0.907166123778502
hs5 51383391 51394738 0
hs20 3208868 3223870 0.92671009771987
hs6 15246296 15522040 0.00162866449511401
hs17 41754604 41786931 0.00325732899022801
hs16 75627474 75648643 0.988599348534202
hs12 4720341 4851927 0.460912052117264
hs12 4720341 4851927 0.413680781758958
hs12 4720341 4851927 0.460912052117264
hs12 4720341 4851927 0.413680781758958
hs2 27086747 27100772 0.620521172638437
hs12 25204789 25250936 0.596091205211726
hs6 128883141 129516569 0.566775244299674
hs7 107923799 108003255 0.52442996742671
hs1 183023460 183145592 0.335504885993485
hs3 39406689 39412542 0.416938110749186
hs11 18394388 18408425 0.576547231270358
hs12 21635342 21757857 0.614006514657981
hs11 18412307 18452058 0.640065146579805
hs10 114431113 114685003 0
hs5 96935394 97037515 0.648208469055375
hs12 96000828 96043520 0.641693811074919
hs4 120055608 120067074 0
hs6 119177209 119349761 0.00977198697068404
hsX 43654907 43746824 0.671009771986971
hs12 57475445 57517569 0.98371335504886
hs10 80271820 80289684 0.952768729641694
hs2 85539165 85545280 0.95114006514658
hs3 127598223 127622436 0.456026058631922
hs2 135839626 135876426 0.324104234527687
hs7 108569568 108574850 0.982084690553746
hs2 63588609 63607197 0.729641693811075
hs7 76048051 76067508 0.654723127035831
hs6 83210389 83431071 0.807817589576547
hs18 50879049 50954257 0.802931596091205
hs15 99565417 99716466 0
hs19 19145567 19192158 0
hs5 88718158 88904105 0
hs1 156463727 156500828 0.00325732899022801
hs2 66433452 66573869 0
hs15 36889204 37101299 0.00162866449511401
hs17 43640388 43661954 0.00162866449511401
hs7 15611212 15686812 0
hs12 57768471 57772793 0.695439739413681
hs10 129467184 129768007 0.863192182410424
hs13 23730189 23889419 0.53257328990228
hs3 36993332 37050918 0.794788273615635
hs14 74056850 74084493 0.853420195439739
hs6 39899578 39934551 0.835504885993485
hsX 154778684 154821007 0.954397394136808
hs17 43875357 43909711 0.938110749185668
hs17 43800799 43833170 0.936482084690554
hs16 15949577 16143074 0.988599348534202
hs2 47402969 47562311 0.838762214983713
hs5 80654648 80876460 0.845276872964169
hs1 75796882 75913238 0.837133550488599
hs6 31739948 31762834 0.840390879478827
hs8 10054268 10428891 0.817589576547231
hs5 174724533 174730893 0
hs9 21802543 21937651 0.669381107491857
hsMT 8527 9207 0.734527687296417
hsMT 5904 7445 0.638436482084691
hsMT 7586 8269 0.635179153094462
hsMT 9207 9990 0.633550488599348
hsMT 14747 15887 0.537459283387622
hs7 2242222 2251146 0.718241042345277
hs14 64388031 64463457 0.96742671009772
hs1 11785723 11806920 0.793159609120521
hs2 55236595 55269347 0.99185667752443
hsMT 3307 4262 0.693811074918567
hsMT 4470 5511 0.771986970684039
hsMT 10059 10404 0.636807817589576
hsMT 10760 12137 0.775244299674267
hsMT 12337 14148 0.783387622149837
hs1 236795281 236903981 0.776872964169381
hs1 45329163 45340470 0.94299674267101
hs12 79773563 79935460 0.469055374592834
hs1 202348699 202592706 0.462540716612378
hs18 57600656 57622213 0.985342019543974
hs16 10743786 10769351 0.944625407166124
hs9 122144058 122159819 0.00162866449511401
hs12 4649095 4694317 0.46742671009772
hs16 23581002 23596356 0.928338762214984
hs2 206114817 206159603 0.781758957654723
hs1 161197104 161214395 0.697068403908795
hs11 47565336 47584562 0.669381107491857
hs11 67606852 67612535 0.752442996742671
hs11 68030617 68036644 0.837133550488599
hs18 9102630 9134345 0.677524429967427
hs22 31399523 31528740 0.98371335504886
hs14 35401511 35404749 0.444625407166124
hs1 161118086 161125445 0.785016286644951
hs3 42600614 42648741 0.817589576547231
hs20 21511010 21514026 0
hs8 23678693 23682927 0.00162866449511401
hs17 51153536 51162428 0.877850162866449
hs17 51153590 51171744 0.868078175895766
hs17 51153590 51171744 0.877850162866449
hs17 51153590 51171744 0.868078175895766
hs17 51153590 51171744 0.877850162866449
hs16 1770286 1771730 0.868078175895766
hs16 396725 410367 0.872964169381108
hs12 6556863 6568691 0.853420195439739
hs17 27756766 27800499 0.444625407166124
hs9 136494444 136545862 0.460912052117264
hs6 32194843 32224067 0.46742671009772
hs14 20468954 20477094 0.672638436482085
hs12 50979401 51028566 0.408794788273616
hs1 51789191 51878937 0.765472312703583
hs1 42682395 42702349 0.780130293159609
hs17 46590669 46757464 0.988599348534202
hs16 2039815 2047866 0.95114006514658
hs1 224227334 224330387 0.986970684039088
hs10 124397303 124418976 0.92671009771987
hs15 27754875 28099358 0.578175895765472
hs2 10439968 10448504 0.892508143322476
hs7 44606572 44709066 0.607491856677524
hs14 60508951 60512850 0
hsX 38352545 38421450 0.947882736156352
hs14 22766522 22773041 0.620521172638437
hs17 81843159 81860694 0.952768729641694
hs12 56104319 56113907 0.859934853420195
hs1 45511036 45523047 0.925081433224756
hs1 164555584 164899296 0.00162866449511401
hs6 32184741 32190186 0
hs9 125747345 125967377 0
hs11 66848233 66958376 0.962540716612378
hs13 100089015 100530435 0.969055374592834
hs3 136250306 136337896 0.931596091205212
hs6 149749443 149811420 0.687296416938111
hs3 196214222 196287957 0.382736156351792
hsX 19343893 19361705 0.827361563517915
hs4 95840019 95841474 0.775244299674267
hs3 58427630 58433857 0.939739413680782
hs2 172555373 172608669 0.794788273615635
hs17 50094737 50112152 0.737785016286645
hsX 24465221 24539837 0.651465798045603
hs7 95583499 95596491 0.742671009771987
hs7 107660635 107717809 0.625407166123778
hs1 145670852 145708148 0.478827361563518
hs19 33386950 33521794 0.962540716612378
hs4 151670504 151761023 0.814332247557003
hs7 92487020 92528531 0.990228013029316
hs6 42963870 42979220 0.986970684039088
hs17 35574795 35578863 0.00162866449511401
hs1 10472288 10630758 0.00325732899022801
hs17 8247618 8270491 0.897394136807818
hs18 57646426 57803101 0.54071661237785
hsX 54932961 54998534 0.755700325732899
hs1 207034366 207081024 0.732899022801303
hs10 6144934 6235545 0.675895765472313
hs3 48517684 48562015 0.737785016286645
hs21 44300051 44327376 0.726384364820847
hs12 48105139 48146404 0.734527687296417
hs10 3066333 3137712 0.723127035830619
hs10 97426160 97433441 0.737785016286645
hs10 97426160 97433441 0.662866449511401
hs10 97426160 97433441 0.737785016286645
hs10 97426160 97433441 0.662866449511401
hs7 44062727 44065587 0.755700325732899
hs1 10398592 10420144 0.718241042345277
hsX 78065188 78129296 0.973941368078176
hs6 49785934 49787187 0.973941368078176
hs1 63593276 63660245 0.957654723127036
hs6 83161150 83193936 0.713355048859935
hs9 68328308 68531061 0.94299674267101
hs7 87503633 87713323 0.986970684039088
hs7 87401697 87480435 0.985342019543974
hs17 49404049 49414905 0.51628664495114
hs9 93576407 93679587 0.00325732899022801
hsX 15319451 15335554 0.879478827361563
hs19 9835257 9849682 0.649837133550489
hs5 135027735 135034813 0.00162866449511401
hs4 110617423 110642123 0
hs10 102230186 102241474 0.00162866449511401
hs1 155289839 155301434 0.899022801302932
hs15 72199029 72231822 0.89413680781759
hs21 42974510 43033931 0
hs2 189784085 189877629 0.801302931596091
hs1 11066618 11099881 0.480456026058632
hs7 5973239 6009125 0.799674267100977
hs1 170662728 170739419 0
hs6 43576150 43615660 0.749185667752443
hs17 7484366 7514618 0.985342019543974
hs4 56977722 57031168 0.988599348534202
hs7 75899200 75986855 0.456026058631922
hs10 70202830 70233911 0.649837133550489
hs4 56393362 56435615 0.95928338762215
hs7 44796680 44824564 0.833876221498371
hs7 44796680 44824564 0.820846905537459
hs7 44796680 44824564 0.833876221498371
hs7 44796680 44824564 0.820846905537459
hs15 64155812 64163205 0.833876221498371
hs5 123023250 123036741 0.837133550488599
hs4 158709134 158723396 0.848534201954397
hs14 63371357 63543374 0
hs1 40072705 40097703 0
hs17 68511780 68551319 0.534201954397394
hs3 48744597 48847846 0.560260586319218
hs13 95677139 95794989 0.986970684039088
hs5 177992235 177996242 0
hsX 107628424 107651026 0.95114006514658
hsX 12791355 12824222 0.97557003257329
hs17 76309486 76384521 0.97557003257329
hs17 18840085 18931287 0.970684039087948
hs10 122461525 122514908 0.957654723127036
hs14 90256495 90275429 0.985342019543974
hs11 47418769 47426473 0.98371335504886
hs19 39971005 39981441 0.99185667752443
hs17 63827152 63832026 0.98371335504886
hs14 52707172 52728587 0.993485342019544
hsX 108084207 108091618 0.517915309446254
hs1 180154834 180204030 0.542345276872964
hs11 112226365 112269955 0.579804560260586
hs14 74285423 74303056 0.982084690553746
hs12 132687606 132704991 0
hs8 76980258 77001044 0
hs17 81932384 81942412 0.881107491856677
hs10 95605929 95656706 0.822475570032573
hs17 81900965 81911464 0.5814332247557
hs20 25248069 25298014 0.578175895765472
hs14 50857891 50944736 0.584690553745928
hs11 64746389 64760297 0.587947882736156
hs3 49095932 49105101 0.985342019543974
hs15 40694774 40732339 0.728013029315961
hs14 67819779 68730218 0.44299674267101
hs2 108719481 108785811 0.827361563517915
hs5 168486445 168519299 0.972312703583062
hs14 58298385 58373887 0
hs10 47348371 47357875 0.641693811074919
hs12 55720367 55724705 0.962540716612378
hs12 21468911 21501669 0.964169381107492
hs19 18831938 18868236 0.407166123778502
hs4 39287456 39366375 0.947882736156352
hs7 74231499 74254458 0.941368078175896
hs13 33818049 33966558 0.794788273615635
hs3 186789880 186807058 0.98371335504886
hs12 118013588 118033130 0.96742671009772
hs1 40161373 40240921 0
hs1 182573634 182589256 0.526058631921824
hs1 201982372 202006147 0.635179153094462
hs4 145097932 145129179 0.986970684039088
hs1 27891524 27914746 0.00325732899022801
hs2 210002565 210022259 0.960912052117264
hs8 144789765 144792587 0.978827361563518
hs4 39454124 39458948 0.545602605863192
hs1 23691779 23696425 0.972312703583062
hs18 49481681 49491586 0.60586319218241
hs18 49481681 49491586 0.586319218241042
hs18 49481681 49491586 0.60586319218241
hs18 49481681 49491586 0.586319218241042
hs17 28719393 28724359 0.701954397394137
hs11 1947278 1984522 0.236156351791531
hs17 81703357 81707526 0.775244299674267
hs19 38930548 38933162 0.982084690553746
hs16 1962052 1964860 0.941368078175896
hs11 75399486 75422280 0.636807817589576
hs19 58386400 58394806 0.789902280130293
hs19 54200742 54249003 0.672638436482085
hs19 49496365 49499689 0.54071661237785
hs5 150443190 150449756 0.982084690553746
hs19 1438358 1440494 0.98371335504886
hs16 18781295 18790383 0.895765472312704
hs19 39433207 39435948 0.929967426710098
hs6 33272010 33276510 0.9185667752443
hs8 56067295 56074581 0.969055374592834
hs5 82273358 82278577 0.977198697068404
hs11 4094707 4138876 0.876221498371335
hs2 10122328 10131419 0.609120521172638
hs16 20610243 20797581 0.887622149837134
hs1 109213918 109238169 0.986970684039088
hs17 10672474 10698375 0.444625407166124
hs1 52927229 53051703 0.631921824104234
hs5 218241 256700 0.90228013029316
hs1 17018722 17054170 0.776872964169381
hs19 2754714 2783371 0.558631921824104
hs17 18327860 18363563 0.957654723127036
hs12 57229327 57234935 0.95928338762215
hsX 624344 659411 0.00162866449511401
hs3 158095954 158106503 0.00162866449511401
hs14 60643415 60658259 0
hs2 44941898 44946077 0
hs6 31959080 31969755 0.517915309446254
hs9 4490444 4587469 0.638436482084691
hs11 35251206 35420063 0.641693811074919
hs5 36606355 36688334 0.633550488599348
hs2 219627327 219641980 0.00977198697068404
hs19 46774883 46788594 0.638436482084691
hs1 53087179 53142632 0.633550488599348
hs2 44275458 44321494 0.675895765472313
hs11 62856102 62888875 0.614006514657981
hs17 44248385 44268141 0
hs7 151057210 151076527 0.00162866449511401
hs22 32043032 32113029 0.651465798045603
hs16 31483002 31490860 0.625407166123778
hs21 34073570 34106260 0.631921824104234
hs22 32218476 32255341 0.654723127035831
hs19 17871973 17895174 0.695439739413681
hs3 10992724 11039247 0.346905537459283
hs16 55655604 55706192 0.343648208469055
hs5 1392790 1445430 0.350162866449511
hs17 30194319 30236002 0.343648208469055
hs3 14402576 14489349 0.350162866449511
hs5 150189957 150222788 0.345276872964169
hsX 153688099 153696593 0.345276872964169
hs1 43991500 44031467 0.350162866449511
hs3 10816200 10940733 0.345276872964169
hs12 190077 214570 0.345276872964169
hs12 220621 262873 0.345276872964169
hs13 29509410 29595688 0.679153094462541
hs8 17497088 17570573 0.679153094462541
hs22 21028718 21032840 0.661237785016287
hs1 27098815 27166981 0.456026058631922
hs2 102619707 102711318 0.464169381107492
hs5 473310 524332 0.40228013029316
hs16 67237683 67272190 0.48371335504886
hs5 177379235 177398848 0.340390879478827
hs10 49610301 49612720 0.679153094462541
hs2 112645857 112663827 0.59771986970684
hs8 42416475 42541926 0.60586319218241
hsX 129446501 129523500 0.633550488599348
hs22 23786963 23834516 0
hs6 159669057 159762529 0.785016286644951
hs15 45023104 45077185 0.842019543973941
hs2 32063611 32157637 0.993485342019544
hs16 89490917 89557768 0.99185667752443
hs2 72887360 72892158 0.946254071661238
hs7 138002324 138117986 0.623778501628665
hs17 17810399 17837002 0
hs22 41833079 41907308 0
hs6 43171299 43181507 0.00162866449511401
hs1 11054584 11060024 0.52442996742671
hs14 34981957 35029567 0.96742671009772
hs11 126262919 126269144 0.973941368078176
hs7 141738321 141787922 0.858306188925081
hs11 8693351 8910951 0
hs21 14371115 14383484 0.988599348534202
hs17 28662091 28702684 0.60586319218241
hs11 17392885 17476845 0.982084690553746
hs12 78863993 79452008 0.00162866449511401
hs19 55171199 55180441 0.00325732899022801
hs5 69364743 69370013 0
hs1 28589323 28643085 0.00162866449511401
hs1 109062486 109076002 0
hs11 747329 765024 0.812703583061889
hs6 32845209 32853978 0.988599348534202
hs6 32821833 32838780 0.986970684039088
hs1 234391313 234479103 0.923452768729642
hs12 53500921 53506431 0.431596091205212
hs5 33440696 33469539 0.98371335504886
hs16 71565660 71577130 0.956026058631922
hs8 73939169 73972287 0.00162866449511401
hs17 42567068 42573239 0.00162866449511401
hs6 35118071 35148610 0
hs19 12796820 12801859 0.925081433224756
hs12 49707725 49764934 0.306188925081433
hs16 31471585 31477960 0.00162866449511401
hs18 3411608 3459978 0.00162866449511401
hs19 2785460 2815807 0.522801302931596
hs3 53224707 53256052 0.973941368078176
hs9 35696948 35732395 0.00162866449511401
hs3 69019827 69052303 0.00651465798045603
hs17 40388516 40417950 0.985342019543974
hs3 25597905 25664907 0.985342019543974
hs17 18271428 18315007 0.969055374592834
hs12 6867119 6870948 0.969055374592834
hs12 103930107 103953645 0.653094462540717
hs1 156308968 156367873 0.534201954397394
hs8 143612618 143618048 0.86970684039088
hs17 41976433 42021376 0.982084690553746
hs8 63048553 63086053 0
hs16 28842411 28846408 0.993485342019544
hs9 110243811 110256640 0.95114006514658
hs12 104215779 104350305 0.964169381107492
hs18 657604 673578 0.596091205211726
hsX 47190861 47215128 0.848534201954397
hs3 49805207 49813946 0.848534201954397
hs4 39498755 39528311 0.843648208469055
hs3 124730366 124745193 0.900651465798046
hs12 109097574 109110992 0.561889250814332
hs8 96225920 96235634 0.00325732899022801
hs3 48599002 48610976 0.851791530944625
hs16 21952660 21983660 0.530944625407166
hs19 29205321 29213541 0.535830618892508
hs1 45012147 45015575 0.757328990228013
hs6 31777518 31795953 0.986970684039088
hs9 35056064 35073249 0.986970684039088
hsX 80929500 80930347 0
hs10 75210154 75231448 0.00325732899022801
hs8 42391624 42405897 0.00162866449511401
hs17 3565444 3636249 0.615635179153095
hs17 3565444 3636249 0.0586319218241042
hs17 3565444 3636249 0.615635179153095
hs17 3565444 3636249 0.0586319218241042
hs14 100333788 100376805 0.294788273615635
hs8 31033801 31173769 0.933224755700326
hs22 28794555 28800597 0.00325732899022801
hs10 109864766 109923553 0.781758957654723
hsX 129738974 129769538 0.885993485342019
hs19 43543040 43580473 0
hs1 211571568 211578742 0.674267100977199
hs1 26037252 26046133 0.778501628664495
hs2 27253684 27275817 0.623778501628665
hs15 45479611 45522807 0.789902280130293
hs1 179550539 179575952 0.757328990228013
hs3 156037701 156539138 0.806188925081433
hs6 24494852 24537207 0.851791530944625
hs6 31530219 31542448 0.938110749185668
hs6 33204642 33206831 0.972312703583062
hs9 136196250 136205109 0.00162866449511401
hs11 34915829 35020591 0.811074918566775
hs12 85280107 85301784 0.00325732899022801
hs13 20567069 20691437 0.530944625407166
hs16 87830023 87869488 0.687296416938111
hs19 6361452 6368908 0.97557003257329
hsX 304529 318819 0.884364820846905
hsX 7048920 7148190 0.728013029315961
hsX 53374149 53422728 0.714983713355049
hsX 154295671 154330350 0.980456026058632
hs1 26696033 26782104 0.00162866449511401
hs11 85957684 86069882 0.00162866449511401
hs5 138115172 138139443 0.859934853420195
hs22 38111495 38205690 0.495114006514658
hs1 46247688 46278473 0.612377850162866
hs6 30653119 30673037 0.54071661237785
hs4 143513463 143557486 0.641693811074919
hs7 73328164 73358637 0.54071661237785
hsX 71533083 71575897 0.802931596091205
hs19 5916139 5978142 0
hs1 5991466 6101193 0.801302931596091
hs9 108867517 108934116 0.00488599348534202
hs12 10699089 10723312 0.783387622149837
hs2 177392644 177543836 0.788273615635179
hsX 15384799 15493564 0.574918566775244
hs1 241532134 241595642 0.600977198697068
hs1 32775237 32818153 0.778501628664495
hs21 43719094 43762307 0.576547231270358
hsX 41514934 41923463 0.965798045602606
hs1 19303965 19312146 0.788273615635179
hs4 2937933 2963385 0
hs3 128064778 128153914 0.982084690553746
hs12 56951431 56959374 0.969055374592834
hsX 1403139 1453762 0.866449511400652
hs19 19192229 19201869 0.472312703583062
hs12 56752161 56787790 0.964169381107492
hs10 5035354 5107686 0.773615635179153
hs2 168922938 169031322 0.985342019543974
hsY 12904937 12918122 0.947882736156352
hs8 9555914 9782346 0.519543973941368
hs1 18871430 18902781 0.848534201954397
hs4 71187286 71572087 0.00162866449511401
hs17 42810134 42833350 0.00325732899022801
hs16 84053761 84116906 0.529315960912052
hs20 5126786 5197887 0.936482084690554
hs9 94558720 94593793 0.452768729641694
hs3 67360460 67654614 0.776872964169381
hs2 84423523 84460045 0.807817589576547
hs13 47936487 48001326 0.775244299674267
hs20 50934867 50958555 0.907166123778502
hs3 57197843 57226521 0
hs3 155870536 155944026 0.962540716612378
hs8 63015079 63039171 0.268729641693811
hs5 141620876 141636870 0.612377850162866
hs15 57953424 58497866 0.864820846905538
hs10 70815961 70881173 0.614006514657981
hs16 66802875 66873256 0.469055374592834
hs2 27199587 27212958 0.571661237785016
hs2 117814650 117832379 0.938110749185668
hs2 27364352 27370486 0.381107491856678
hs1 44850522 44986722 0.913680781758958
hs14 75002911 75012366 0.43485342019544
hs3 184135038 184684758 0.563517915309446
hs4 41744082 41748970 0
hs16 1333601 1349438 0
hs22 21957025 21982816 0.969055374592834
hs8 72019917 72075617 0.472312703583062
hs2 73640832 73642393 0.710097719869707
hs2 73640832 73642393 0.695439739413681
hs2 73640832 73642393 0.710097719869707
hs2 73640832 73642393 0.695439739413681
hs3 69054730 69080408 0.843648208469055
hs20 35668055 35699359 0.980456026058632
hs14 22773222 22829820 0.672638436482085
hs16 68264516 68301823 0.682410423452769
hs10 87659613 87747705 0.55700325732899
hs4 107590276 107720452 0.560260586319218
hsY 24045604 24047688 0.713355048859935
hs16 4425805 4456775 0.986970684039088
hs3 42547969 42601080 0.00162866449511401
hs17 68267026 68291267 0.374592833876221
hs17 75087727 75106162 0.350162866449511
hs10 110567691 110604636 0.781758957654723
hsX 130129362 130165887 0.578175895765472
hs11 20599400 20659285 0.351791530944625
hs15 65611366 65660995 0.407166123778502
hs10 68956128 68985073 0.97557003257329
hs12 59596067 59789855 0.431596091205212
hs17 7921859 7929803 0.801302931596091
hs3 155821024 155854429 0.369706840390879
hs3 65353525 66038834 0.798045602605863
hs1 12567910 12617731 0.96742671009772
hs4 106315544 106349226 0.705211726384365
hsX 40648306 40735858 0.00162866449511401
hs5 892643 919357 0.944625407166124
hs17 44849943 44899662 0.993485342019544
hs17 38847865 38853843 0.98371335504886
hs16 2025356 2039026 0.327361563517915
hs18 56597208 56651600 0.864820846905538
hs2 169584340 169641406 0.827361563517915
hs19 5691834 5720572 0.982084690553746
hs9 37422666 37436990 0.91042345276873
hs15 73978923 73994622 0.714983713355049
hs17 75626845 75667189 0.938110749185668
hs8 144511288 144517845 0.94299674267101
hs12 48829764 48852842 0.952768729641694
hsY 18026115 18027740 0.713355048859935
hsY 18026115 18027740 0.713355048859935
hsY 18026115 18027740 0.713355048859935
hsY 18026115 18027740 0.713355048859935
hs4 88090264 88231322 0.985342019543974
hs10 104235356 104267459 0.425081433224756
hs1 235327350 235344532 0.944625407166124
hsX 24558087 24672677 0.407166123778502
hs17 9250471 9576591 0.00651465798045603
hs3 27372721 27484420 0.00488599348534202
hs12 51391317 51515763 0
hs7 103297422 103329511 0.868078175895766
hs14 77505997 77616773 0.763843648208469
hs17 47522942 47623276 0.273615635179153
hs17 47522942 47623276 0.653094462540717
hs17 47522942 47623276 0.638436482084691
hs17 47522942 47623276 0.273615635179153
hs17 47522942 47623276 0.653094462540717
hs17 47522942 47623276 0.638436482084691
hs17 47522942 47623276 0.273615635179153
hs17 47522942 47623276 0.653094462540717
hs17 47522942 47623276 0.638436482084691
hs18 63389190 63422483 0.988599348534202
hs17 30477362 30527592 0.00162866449511401
hs10 119651370 119677819 0
hs2 24077433 24085861 0.789902280130293
hs2 27771717 27988087 0.415309446254072
hs1 9234775 9271337 0.671009771986971
hs22 38705723 38738299 0.99185667752443
hs2 44316281 44361862 0.447882736156352
hs7 28299321 28825894 0.00325732899022801
hs1 173477266 173488807 0.874592833876222
hs7 149003062 149028641 0.95928338762215
hs9 72114595 72257193 0.609120521172638
hs13 41216369 41263577 0.993485342019544
hs21 42199689 42297244 0.98371335504886
hsX 103675496 103688158 0
hs5 95463895 95555007 0.509771986970684
hs2 99337353 99401326 0.988599348534202
hs20 37983007 38033468 0
hs3 5187646 5219957 0.00651465798045603
hs19 47349281 47382704 0.517915309446254
hs11 128965060 129279324 0
hs2 239048168 239401654 0.615635179153095
hs17 80135214 80147183 0.973941368078176
hs16 72093562 72112912 0.509771986970684
hs3 10248023 10281218 0.972312703583062
hs16 71845996 71931199 0.00325732899022801
hs2 75646783 75690851 0.949511400651466
hs5 141923808 141942047 0.384364820846906
hs20 25407727 25452628 0
hs7 78017057 79453574 0.742671009771987
hs5 134758779 134855133 0.95928338762215
hs6 83552880 83709691 0.00162866449511401
hs1 153929501 153946696 0
hs16 84368527 84464187 0.933224755700326
hs3 38346760 38421348 0.429967426710098
hs5 180300690 180353387 0.949511400651466
hs22 50523568 50526439 0.452768729641694
hs5 141991749 142013041 0.457654723127036
hsX 120250752 120258398 0.00162866449511401
hsX 48801377 48824982 0.617263843648209
hs17 44076746 44123702 0.618892508143323
hs9 36214441 36277056 0.838762214983713
hs17 54899387 54961956 0
hs7 157335381 157417439 0.98371335504886
hs3 160399274 160434962 0.724755700325733
hs19 34428352 34471251 0.853420195439739
hs19 47113274 47210636 0.775244299674267
hs2 222570536 222656337 0.947882736156352
hs2 219209768 219218990 0.982084690553746
hs12 21797401 21941402 0.98371335504886
hs7 151207837 151227230 0.988599348534202
hs20 51596514 51768634 0.631921824104234
hs3 9792495 9807726 0
hs12 110434825 110450422 0
hs16 1782901 1789191 0.91042345276873
hs12 57782589 57808071 0.97557003257329
hs10 79347469 79355337 0.835504885993485
hs2 218217094 218254356 0.00162866449511401
hs5 132556019 132646344 0.762214983713355
hs15 68277803 68295865 0.488599348534202
hs13 32031300 32299122 0
hs2 10783391 10837977 0.957654723127036
hs16 3651639 3717597 0.657980456026059
hs7 102573807 102616757 0.00162866449511401
hs2 169064789 169096167 0.960912052117264
hs14 54423560 54441431 0
hs2 99318982 99340702 0.482084690553746
hs11 20387530 20509294 0.657980456026059
hs3 48293264 48301685 0.872964169381108
hs14 23630115 23645639 0.960912052117264
hs6 30727709 30742733 0.43485342019544
hs19 14408819 14419383 0.939739413680782
hs14 66507407 67181803 0.796416938110749
hs8 98102344 98117241 0.812703583061889
hs13 95019829 95301433 0.98371335504886
hs15 65658046 65792293 0.00162866449511401
hs16 54930862 54934485 0.00488599348534202
hs5 64768930 65018763 0.835504885993485
hs16 46955362 46973788 0.986970684039088
hs1 45550543 45570049 0.783387622149837
hs19 1040101 1065572 0.982084690553746
hs17 69147214 69244846 0.99185667752443
hs17 68974488 69061064 0.980456026058632
hs17 68867292 68955392 0.988599348534202
hs1 119031216 119140671 0.980456026058632
hs1 220057482 220090462 0.555374592833876
hs8 13083361 13515658 0
hs4 42408373 42657105 0.617263843648209
hs4 128269237 128288829 0.00488599348534202
hs18 49782167 49813960 0.680781758957655
hs1 39692182 39763914 0.856677524429967
hs6 4115689 4135597 0.734527687296417
hs1 11674480 11691650 0
hs4 41990472 42090457 0.711726384364821
hs11 112029858 112030367 0.835504885993485
hsX 135985439 136047264 0.456026058631922
hs9 35732320 35737007 0.00162866449511401
hs17 43014605 43025123 0.780130293159609
hs9 35161992 35405338 0
hs19 10871513 10923070 0.374592833876221
hs22 38483440 38507660 0.977198697068404
hs11 119044189 119057202 0.98371335504886
hs10 3137728 3172841 0.612377850162866
hs19 12806580 12813638 0.726384364820847
hs10 130136399 130184521 0.964169381107492
hsX 23664262 23686399 0.921824104234528
hs6 32168212 32178096 0.899022801302932
hs9 136673143 136687423 0.346905537459283
hs9 92031999 92115384 0.763843648208469
hs10 132186900 132205776 0.775244299674267
hs2 73233420 73253021 0.732899022801303
hs2 61868089 61888804 0.607491856677524
hs12 69585334 69601570 0.868078175895766
hs22 19875517 19941992 0.928338762214984
hs15 79833585 79897379 0.667752442996743
hs9 104094260 104141417 0.775244299674267
hs5 43526267 43557758 0
hs4 56435741 56461368 0.89413680781759
hs20 407498 430966 0.00162866449511401
hs15 74541177 74598131 0.00325732899022801
hs14 57200507 57269008 0
hs6 5261044 5771580 0.990228013029316
hs17 34927859 34981078 0.964169381107492
hs21 29055805 29073797 0.618892508143323
hs3 121431427 121546641 0.954397394136808
hs10 27110112 27155266 0.985342019543974
hs2 45005161 45009430 0.00162866449511401
hs6 134960378 135103056 0.995114006514658
hs1 109984686 110023741 0.697068403908795
hs2 85584408 85593412 0
hs2 74198562 74217565 0.956026058631922
hs13 31134974 31162388 0.986970684039088
hs3 126103562 126197994 0.977198697068404
hs15 65148219 65185342 0.99185667752443
hs16 30698209 30745194 0.00162866449511401
hs16 30698209 30745194 0.578175895765472
hs16 30698209 30745194 0.00162866449511401
hs16 30698209 30745194 0.578175895765472
hsX 119236245 119244466 0.00488599348534202
hs4 979073 993440 0.635179153094462
hs2 96536743 96552638 0.00162866449511401
hs11 86441108 86672636 0.804560260586319
hs14 23969874 24006408 0.94299674267101
hs14 23969874 24006408 0.954397394136808
hs14 23969874 24006408 0.94299674267101
hs14 23969874 24006408 0.954397394136808
hs1 117367449 117528872 0.00977198697068404
hs19 7534004 7561764 0.757328990228013
hs6 31879759 31897687 0.509771986970684
hs5 32531633 32604079 0.0130293159609121
hs15 78810487 78898133 0.00162866449511401
hs10 119167703 119178833 0.929967426710098
hs18 12328944 12377314 0.988599348534202
hsX 11758159 11775753 0.00162866449511401
hs9 99222064 99230615 0
hs3 123067062 123225227 0.952768729641694
hs20 44496221 44522109 0
hs12 57693955 57721557 0.00162866449511401
hs11 64185272 64204543 0.503257328990228
hs6 100508194 100881372 0.501628664495114
hs12 95473520 95515839 0.55700325732899
hs12 113392445 113426301 0.864820846905538
hs19 15114984 15125785 0.864820846905538
hs19 58479512 58512413 0.853420195439739
hs9 128340646 128361470 0.851791530944625
hs1 153774354 153780157 0.840390879478827
hs15 50182196 50236395 0.731270358306189
hs12 53507856 53626410 0.00162866449511401
hs4 39459000 39477653 0.773615635179153
hs2 48617798 48733148 0
hs17 37609739 37643464 0.973941368078176
hs7 107563484 107578464 0.908794788273616
hs3 50354749 50359610 0.00325732899022801
hs1 77979175 78017964 0.978827361563518
hs10 121740421 121928801 0.294788273615635
hs6 149594873 149648972 0.985342019543974
hs7 27525442 27662995 0.757328990228013
hs10 77969251 78029545 0.988599348534202
hs19 32830509 32869766 0.646579804560261
hs4 122888697 122922968 0.54885993485342
hs12 93377883 93408146 0.641693811074919
hs10 12165325 12196144 0.885993485342019
hs6 34279679 34392674 0.602605863192182
hs7 151028422 151047782 0.985342019543974
hs18 54269404 54321266 0.760586319218241
hs8 37762593 37779767 0.908794788273616
hs1 111755245 111768016 0.941368078175896
hs3 131462212 131502983 0.986970684039088
hs6 107867756 107958189 0.973941368078176
hs17 64477785 64497036 0.320846905537459
hs9 137086927 137109187 0.00488599348534202
hsX 116436622 116461458 0.343648208469055
hs16 70289663 70335283 0.969055374592834
hs1 7954291 7985505 0.653094462540717
hs17 63773603 63819317 0.97557003257329
hs7 32957404 33006931 0.695439739413681
hs3 127689062 127823250 0.754071661237785
hs3 52228610 52239260 0
hs4 127781821 127840733 0.988599348534202
hs1 28199456 28233025 0.94299674267101
hs6 89433170 89633834 0.503257328990228
hs5 149141483 149260542 0
hs15 40439721 40468242 0
hs13 72752169 72782096 0.833876221498371
hs3 47802909 47850195 0.509771986970684
hs16 30443631 30446181 0.447882736156352
hs10 13317424 13348298 0.449511400651466
hs19 38878555 38899862 0.638436482084691
hs2 88691644 88750935 0.488599348534202
hs5 10249921 10266412 0.977198697068404
hs1 19282558 19289250 0.770358306188925
hs10 274190 689743 0.456026058631922
hs10 103396648 103446292 0.96742671009772
hs5 76083172 76353939 0.643322475570033
hs12 117141988 117190531 0.317589576547231
hs2 96274336 96305515 0.732899022801303
hs1 23019448 23083689 0.659609120521173
hs13 32586427 32778019 0.00162866449511401
hs16 23463542 23521995 0
hs9 99979179 100099040 0.939739413680782
hs5 160563120 160852214 0.522801302931596
hsX 53936676 54048958 0.00162866449511401
hs9 70258962 70354888 0.607491856677524
hs4 51843000 51916837 0
hs7 17790761 17940501 0
hs17 75236599 75262363 0.00162866449511401
hs3 32105689 32168713 0.921824104234528
hs4 98995620 99062813 0.985342019543974
hs10 806914 931705 0
hs6 89642499 89819723 0.793159609120521
hs3 182793500 182921635 0.654723127035831
hs9 136410570 136423761 0.482084690553746
hs15 78167468 78245688 0.859934853420195
hs4 25747427 25863760 0.296416938110749
hs10 73183362 73248862 0.973941368078176
hs3 15667236 15859771 0.517915309446254
hs4 39822863 39977956 0
hs1 150363091 150476566 0
hs13 112690329 112887168 0.591205211726384
hs18 9136228 9285985 0.464169381107492
hs11 9138825 9265390 0.00162866449511401
hs6 34889265 35091413 0.470684039087948
hs5 131806990 132012243 0
hs5 131806990 132012243 0.861563517915309
hs5 131806990 132012243 0
hs5 131806990 132012243 0.861563517915309
hs9 113161006 113221361 0.587947882736156
hs19 16829400 16880353 0
hs20 49812713 49892242 0.472312703583062
hs12 111034024 111350554 0.00488599348534202
hs3 132417526 132539032 0.871335504885994
hs22 27978014 28679865 0.555374592833876
hs1 15526813 15592379 0.982084690553746
hs5 154712902 154817607 0
hs7 129225023 129430211 0.687296416938111
hs12 76763588 76853696 0.490228013029316
hs9 111360692 111484745 0.011400651465798
hs3 45388506 45549421 0.988599348534202
hs5 65563236 65587549 0.842019543973941
hs1 16985958 17011928 0.915309446254072
hs14 95086228 95158010 0.97557003257329
hs6 13574529 13615158 0.646579804560261
hs12 120302316 120313249 0.640065146579805
hs11 215458 236931 0.633550488599348
hs10 67884669 67918390 0.623778501628665
hs14 23125295 23183674 0.614006514657981
hs5 140691426 140699291 0.978827361563518
hs5 77628712 77639688 0
hs1 229516582 229558695 0.98371335504886
hs12 122920951 122981649 0.98371335504886
hs17 69078702 69141888 0.982084690553746
hs17 69244311 69327244 0.986970684039088
hs22 37807905 37817176 0.793159609120521
hs6 63635820 63779336 0.00488599348534202
hs19 43506719 43527244 0.915309446254072
hs16 29679008 29698699 0.796416938110749
hs16 29679008 29698699 0.798045602605863
hs16 29679008 29698699 0.796416938110749
hs16 29679008 29698699 0.798045602605863
hs12 108562582 108569384 0.644951140065147
hs13 94574051 94596257 0.94299674267101
hs8 143790920 143815379 0.465798045602606
hs5 55307760 55425581 0.56514657980456
hs5 43602692 43707405 0.723127035830619
hs17 55392613 55421992 0.439739413680782
hs7 128954180 129055144 0.00162866449511401
hs16 75596981 75623300 0
hs10 988019 1019936 0.938110749185668
hs9 32455705 32526324 0.52442996742671
hs16 8852942 8869012 0.747557003257329
hs9 5084999 5086112 0.960912052117264
hs19 55262231 55280381 0
hs4 138164097 138242349 0.679153094462541
hsX 51743431 51746232 0.995114006514658
hs5 79069717 79089466 0.449511400651466
hs22 21652270 21700015 0.838762214983713
hs22 31618491 31662432 0.327361563517915
hs22 15690026 15721631 0.478827361563518
hsX 48476021 48486364 0.379478827361564
hs22 26491225 26512505 0.00325732899022801
hs19 17511629 17521288 0.635179153094462
hs22 43955421 44010531 0.509771986970684
hs6 73461578 73509236 0.861563517915309
hs9 34989641 34998900 0.985342019543974
hs11 64318088 64321811 0.574918566775244
hs22 36467036 36482030 0.969055374592834
hs12 50923472 50932517 0.757328990228013
hs2 197515571 197553699 0.850162866449511
hs2 197515571 197553699 0
hs2 197515571 197553699 0.850162866449511
hs2 197515571 197553699 0
hs3 138187248 138298389 0.00162866449511401
hs7 56064002 56080670 0.526058631921824
hs12 51047962 51060424 0.00162866449511401
hs2 86020216 86106155 0.986970684039088
hs6 150865549 151101887 0.969055374592834
hs3 9362842 9386791 0.296416938110749
hs14 31291791 31420582 0.00162866449511401
hs20 36890229 36951843 0.431596091205212
hs1 54756898 54764514 0.985342019543974
hs17 21123364 21193265 0.960912052117264
hs11 114439386 114450279 0.382736156351792
hs1 6101793 6180123 0.661237785016287
hs20 38805705 38923024 0.429967426710098
hs4 73073376 73258798 0.54885993485342
hs3 15560704 15601831 0.866449511400652
hs16 401826 412487 0.96742671009772
hs5 34656237 34832627 0.498371335504886
hs17 28347177 28357522 0.348534201954397
hs22 37608475 37633564 0.00162866449511401
hs20 25294743 25390983 0.594462540716612
hs17 63009556 63427699 0.54071661237785
hs2 214931542 215138428 0.982084690553746
hs20 62183029 62203568 0.986970684039088
hs1 119659798 119744215 0.915309446254072
hs8 144355431 144359376 0.00162866449511401
hs14 36580579 36582607 0
hs6 53051991 53100873 0.00488599348534202
hs11 33740939 33774543 0.364820846905537
hs2 190189735 190344193 0.731270358306189
hs17 28854938 28861067 0.982084690553746
hs10 97572499 97583884 0.462540716612378
hs1 77282051 77559969 0.972312703583062
hs19 35533412 35545316 0.97557003257329
hs3 52681156 52694492 0.570032573289902
hs9 122202577 122229626 0.00162866449511401
hs6 73593379 73654155 0.574918566775244
hs2 96760902 96811891 0.897394136807818
hs2 96816245 96833911 0.872964169381108
hs10 99329099 99394330 0.872964169381108
hs11 112084800 112086798 0
hs3 123201927 123274130 0.00162866449511401
hs9 128309103 128322742 0.804560260586319
hs7 103312474 103344873 0.729641693811075
hs14 75013764 75051532 0.799674267100977
hs3 130850595 131016712 0.931596091205212
hs22 20111866 20117392 0.872964169381108
hs10 90912096 90921276 0.485342019543974
hs15 40569300 40574943 0.988599348534202
hs22 45344063 45413619 0.731270358306189
hs9 100099256 100301000 0.48371335504886
hs9 137205670 137217009 0.425081433224756
hs12 56470944 56488414 0.42671009771987
hs16 69311356 69326939 0.990228013029316
hs6 42960758 42963880 0.547231270358306
hs4 83261536 83284914 0.690553745928339
hs2 69395750 69437628 0.59771986970684
hs2 53787044 53818819 0.00162866449511401
hs22 41560763 41577741 0.741042345276873
hs10 133237404 133241929 0
hs5 62387254 62403939 0.97557003257329
hs19 48933682 48944969 0.708469055374593
hsX 55000357 55009057 0.480456026058632
hs20 50958826 50963931 0.86970684039088
hs22 42509968 42519802 0
hs9 129803153 129811281 0.794788273615635
hs22 43132206 43143394 0.915309446254072
hs2 74529377 74533348 0.954397394136808
hs5 163503114 163519336 0.871335504885994
hs9 127731524 127735317 0.716612377850163
hs5 128538013 129033642 0.840390879478827
hs19 49289638 49325225 0.320846905537459
hs6 30617709 30626395 0.400651465798046
hs8 120380761 120445402 0.986970684039088
hs8 123319850 123416350 0.986970684039088
hs6 159789812 159798436 0.420195439739414
hs2 169810081 169824931 0.750814332247557
hs3 112990918 113015060 0.95928338762215
hs8 54135210 54147901 0.972312703583062
hs5 154941070 154969411 0.781758957654723
hs1 224356850 224379459 0
hs5 31400497 31532196 0.954397394136808
hs11 93609760 93610333 0.578175895765472
hs20 23350736 23354777 0
hs11 125903376 125923263 0.962540716612378
hs16 89267627 89490561 0.447882736156352
hs2 174072447 174248698 0.969055374592834
hs13 36949775 37000261 0.54071661237785
hs7 26291895 26374329 0
hs1 37566816 37595935 0.695439739413681
hs11 65040901 65044828 0.00162866449511401
hs11 65027408 65040572 0
hs17 48103357 48123074 0
hs1 225919877 225924340 0.822475570032573
hs1 169132531 169367967 0.863192182410424
hs3 49716844 49723951 0.0342019543973941
hs3 49716844 49723951 0.946254071661238
hs3 49716844 49723951 0.0342019543973941
hs3 49716844 49723951 0.946254071661238
hs2 219498867 219506988 0.915309446254072
hs1 63367590 63438562 0.00162866449511401
hs4 25377213 25418498 0.00814332247557003
hs12 72087266 72670757 0.635179153094462
hs5 78997606 79236038 0.809446254071661
hs7 2234231 2242198 0.416938110749186
hs9 78297143 78330093 0.693811074918567
hs5 171309284 171312134 0.00162866449511401
hs18 50282343 50288304 0
hs9 35099776 35103195 0.820846905537459
hs8 102204502 102239118 0.607491856677524
hs2 216412414 216483053 0.682410423452769
hs19 10013249 10022279 0.969055374592834
hs5 1877413 1887236 0
hs9 4709559 4742043 0.970684039087948
hsX 152830967 152869729 0.92671009771987
hs14 73949926 73963670 0.519543973941368
hs16 2520357 2531422 0.530944625407166
hs2 95402721 95416616 0.721498371335505
hs5 129094751 129114028 0.345276872964169
hs10 73248843 73252693 0.970684039087948
hs1 193096468 193106114 0.498371335504886
hs4 83455932 83469735 0.95114006514658
hs1 149887890 149900798 0.423452768729642
hs4 17577192 17607972 0.724755700325733
hs16 11679080 11742878 0.54071661237785
hs12 32727490 32755902 0.990228013029316
hs6 43054029 43059806 0.985342019543974
hs12 15911172 16037282 0.587947882736156
hs19 10251901 10260045 0.978827361563518
hs11 34853094 34916499 0.482084690553746
hs11 57712600 57740973 0.864820846905538
hs19 19515736 19529054 0
hs17 75261674 75266373 0.982084690553746
hs17 7288252 7294615 0.778501628664495
hs3 3126916 3150879 0.947882736156352
hs1 29192873 29230942 0.701954397394137
hs6 155257509 155314493 0.977198697068404
hs14 67676801 67695814 0.952768729641694
hs8 70635318 70669174 0.903908794788274
hs9 135499984 135504673 0.980456026058632
hs20 20017116 20033655 0.576547231270358
hs2 53670293 53860160 0.509771986970684
hs2 53670293 53860160 0.513029315960912
hs2 53670293 53860160 0.509771986970684
hs2 53670293 53860160 0.513029315960912
hs4 83034447 83075818 0.00325732899022801
hs11 43556436 43856617 0.962540716612378
hs4 170060222 170091699 0.94299674267101
hs6 83859643 83967424 0.620521172638437
hs4 87336610 87391386 0.964169381107492
hs19 48813017 48836678 0.964169381107492
hs1 119368779 119394130 0.587947882736156
hs17 82035136 82037732 0.970684039087948
hs10 14838164 14871741 0.985342019543974
hs12 12813316 12829981 0.956026058631922
hs17 63600872 63608365 0.952768729641694
hs14 95533503 95544724 0.438110749185668
hs2 96836611 96858095 0.464169381107492
hs17 50367857 50373214 0.990228013029316
hs11 73872667 73876988 0
hs12 29337352 29381189 0.00162866449511401
hs14 24232422 24239242 0.938110749185668
hs7 37848597 37900401 0.973941368078176
hs7 55951819 55956501 0.706840390879479
hs11 74171099 74254703 0.547231270358306
hs3 50569152 50596168 0.978827361563518
hs5 75511756 75601144 0.742671009771987
hs5 177511577 177517469 0.970684039087948
hs6 157700387 157945077 0
hs9 129665641 129722674 0
hs2 99400475 99490035 0.757328990228013
hs1 162790702 162812817 0.885993485342019
hs22 32387582 32412255 0.399022801302932
hs11 86302211 86345931 0.00162866449511401
hs5 146113038 146182660 0.978827361563518
hs9 97904489 97922570 0.296416938110749
hs1 31296982 31364953 0.947882736156352
hs2 238060889 238099413 0.978827361563518
hs17 81911939 81921323 0.640065146579805
hs19 4174109 4182604 0.643322475570033
hs12 47782722 47833132 0.614006514657981
hs16 19501689 19522145 0.708469055374593
hs8 102826357 102893864 0.840390879478827
hs11 83156988 83187451 0.00488599348534202
hs6 33416442 33418317 0.384364820846906
hs20 45416077 45426244 0
hs20 35542021 35557634 0.00325732899022801
hsX 78129748 78139706 0
hs14 60144120 60169856 0.965798045602606
hs12 66135846 66170072 0.519543973941368
hs6 36854827 36875024 0.833876221498371
hs20 33358839 33401561 0.928338762214984
hs2 238426742 238452250 0.473941368078176
hs14 93934153 93976791 0.504885993485342
hs7 24573268 24694193 0.947882736156352
hs2 9423568 9473101 0.749185667752443
hs11 7665100 7677222 0.672638436482085
hs10 112374018 112428380 0.863192182410424
hs1 202961869 202967280 0.659609120521173
hs2 230712845 230821075 0
hs3 186567403 186597203 0.98371335504886
hs1 47333797 47378839 0.93485342019544
hs22 24494107 24528390 0.719869706840391
hs16 78099413 79212667 0.939739413680782
hs1 235131634 235328219 0.00162866449511401
hs5 96760810 96808100 0.646579804560261
hs16 19167971 19268334 0
hs13 25372071 26025851 0.555374592833876
hs14 60709528 60724348 0
hs6 99369400 99394204 0.879478827361563
hs22 17178790 17221989 0.369706840390879
hs4 183099293 183320777 0.00162866449511401
hs4 183099293 183320777 0.00162866449511401
hs4 183099293 183320777 0.00162866449511401
hs4 183099293 183320777 0.00162866449511401
hs2 200870907 200889303 0.822475570032573
hs14 92121937 92172145 0.361563517915309
hs21 42496008 42581440 0.355048859934853
hs21 46286337 46297751 0.514657980456026
hs21 36034541 36079389 0.00162866449511401
hs21 25585656 25607517 0.615635179153095
hs3 182938074 182985953 0
hs20 7882981 7940474 0.521172638436482
hs2 182716041 182794464 0.985342019543974
hs20 19886521 20002457 0.00162866449511401
hs2 23748664 23927114 0.98371335504886
hs1 150293720 150308979 0.322475570032573
hs18 68673688 68715298 0.949511400651466
hs2 36968383 37084342 0.00162866449511401
hs5 55256245 55307722 0.506514657980456
hs6 55434369 55579214 0.832247557003257
hs8 144078626 144080647 0.956026058631922
hs5 55738017 55817157 0.97557003257329
hs6 152987362 153002685 0.986970684039088
hs10 5861617 5889906 0.462540716612378
hsX 54530211 54561071 0.872964169381108
hs19 18919675 18928627 0.965798045602606
hs7 120950749 120977216 0.00162866449511401
hs5 65665928 65723035 0.568403908794788
hs7 44565417 44575051 0.921824104234528
hs15 40978880 41116354 0.617263843648209
hs20 6006090 6040053 0.843648208469055
hs6 43605316 43629162 0.99185667752443
hs16 15060022 15094317 0
hs3 45755450 45796535 0.350162866449511
hs10 121957088 121975217 0
hs10 72332830 72355230 0.982084690553746
hs8 25427847 25458476 0.45114006514658
hs1 39841022 39883511 0.964169381107492
hs10 102918293 103090221 0.895765472312704
hsX 72204657 72239047 0.648208469055375
hs9 32972606 33025168 0.45928338762215
hs15 69298947 69407780 0.00162866449511401
hsX 70423031 70433390 0.677524429967427
hs5 140401814 140539856 0.51628664495114
hs17 38800434 38825481 0
hs2 85342088 85354620 0.685667752442997
hs5 6599239 6633291 0.835504885993485
hs6 20534457 21232404 0.931596091205212
hs16 67987746 68079320 0.900651465798046
hs8 56957933 56993844 0.509771986970684
hs9 137306896 137423262 0.408794788273616
hs19 38915266 38930896 0.986970684039088
hs21 33485530 33491720 0.791530944625407
hs16 55508998 55586670 0.348534201954397
hs11 59806135 59810872 0.986970684039088
hs15 66336206 66386746 0
hs20 63939829 63956415 0.785016286644951
hs1 1311585 1324691 0.724755700325733
hs16 20409534 20441336 0.887622149837134
hs3 25782917 25794534 0.944625407166124
hs13 113490995 113554590 0.680781758957655
hs2 28849821 28870301 0.399022801302932
hs12 102120185 102197520 0.289902280130293
hs18 36187519 36272157 0.817589576547231
hs1 1401908 1407313 0.988599348534202
hs16 70113626 70162537 0.789902280130293
hs15 70654554 70763593 0.469055374592834
hs16 24919385 25015666 0.00162866449511401
hs4 128061268 128222931 0
hs2 45388680 45612165 0.897394136807818
hs2 163593396 163736012 0.982084690553746
hs8 28089673 28191156 0.482084690553746
hs1 155610205 155614967 0
hs1 173824503 173858546 0.988599348534202
hs17 47941506 47948288 0.568403908794788
hs6 43671303 43687791 0.63029315960912
hs1 107056679 107059294 0.488599348534202
hs6 42206801 42217865 0.796416938110749
hs17 782273 792509 0.871335504885994
hsX 51490011 51496596 0.625407166123778
hs11 71453109 71524107 0.908794788273616
hs15 40765155 40807477 0.982084690553746
hs18 35984387 36067576 0.00325732899022801
hs13 113455819 113490952 0
hs1 1512151 1534687 0.990228013029316
hs4 67612652 67701179 0.819218241042345
hs17 19495385 19579034 0.669381107491857
hs4 177309836 177362943 0.710097719869707
hs20 64255695 64287821 0.369706840390879
hs2 88170295 88186636 0.54885993485342
hs1 52895910 52927212 0.752442996742671
hs13 48037567 48047222 0.636807817589576
hs4 37826633 37862937 0.957654723127036
hs6 106629578 106668417 0.872964169381108
hs11 18529609 18588747 0.566775244299674
hs20 13008979 13169103 0.768729641693811
hs16 70299224 70373383 0.96742671009772
hs9 76385517 76394517 0.850162866449511
hs17 50478800 50485975 0.939739413680782
hs15 70829130 70854159 0
hs3 184186023 184194012 0.986970684039088
hs8 6708357 6759666 0.376221498371336
hs3 194640788 194672477 0.866449511400652
hs3 111979010 111993363 0.509771986970684
hs15 78264086 78282196 0.978827361563518
hs6 73394748 73417569 0.973941368078176
hs18 50967991 50988121 0.542345276872964
hs10 12068972 12123225 0.638436482084691
hs19 4791681 4801273 0.482084690553746
hs1 219685427 219958647 0.706840390879479
hs4 168216293 168318807 0.739413680781759
hs8 60678778 60868028 0.627035830618892
hs14 20446411 20455105 0.969055374592834
hs20 49219295 49244077 0.962540716612378
hs9 19230435 19373545 0
hs22 46330875 46357340 0.965798045602606
hs7 73302517 73308867 0.776872964169381
hs1 220094102 220148041 0.993485342019544
hs12 106357658 106510198 0.986970684039088
hs1 201829141 201884294 0.00325732899022801
hs1 6634168 6701924 0.988599348534202
hs13 110615460 110639993 0.744299674267101
hs20 35115357 35147364 0.00814332247557003
hs10 49734643 49762379 0.628664495114006
hs13 95801580 96053482 0.00651465798045603
hs10 125836337 125896436 0.493485342019544
hs3 25718944 25790039 0.00651465798045603
hs14 89954939 90044768 0
hs16 68021274 68023442 0.936482084690554
hs4 185363879 185395899 0.338762214983713
hs2 215996329 216082955 0.969055374592834
hs12 67269281 67319951 0.00162866449511401
hs2 143091362 143768352 0
hsX 72329516 72573103 0.614006514657981
hs9 68232003 68300015 0.5
hs9 68232003 68300015 0.493485342019544
hs9 68232003 68300015 0.513029315960912
hs9 68232003 68300015 0.374592833876221
hs9 68232003 68300015 0.503257328990228
hs9 68232003 68300015 0.5
hs9 68232003 68300015 0.493485342019544
hs9 68232003 68300015 0.513029315960912
hs9 68232003 68300015 0.374592833876221
hs9 68232003 68300015 0.503257328990228
hs9 68232003 68300015 0.5
hs9 68232003 68300015 0.493485342019544
hs9 68232003 68300015 0.513029315960912
hs9 68232003 68300015 0.374592833876221
hs9 68232003 68300015 0.503257328990228
hs9 68232003 68300015 0.5
hs9 68232003 68300015 0.493485342019544
hs9 68232003 68300015 0.513029315960912
hs9 68232003 68300015 0.374592833876221
hs9 68232003 68300015 0.503257328990228
hs9 68232003 68300015 0.5
hs9 68232003 68300015 0.493485342019544
hs9 68232003 68300015 0.513029315960912
hs9 68232003 68300015 0.374592833876221
hs9 68232003 68300015 0.503257328990228
hs20 34872146 34927962 0.864820846905538
hs12 22046174 22065674 0.602605863192182
hs1 88935773 88992953 0.960912052117264
hs19 33208664 33225850 0.684039087947883
hs7 118214673 118242731 0.504885993485342
hsX 16588003 16712936 0.956026058631922
hs10 67796665 67838166 0.965798045602606
hs2 128091200 128195677 0.00325732899022801
hs2 26847747 26950351 0.817589576547231
hs6 2765414 2786952 0.982084690553746
hs4 103079435 103099883 0.964169381107492
hs19 41386374 41397479 0.542345276872964
hs19 47403124 47419523 0.00162866449511401
hs17 5440912 5469060 0.5
hs3 183015218 183116075 0.962540716612378
hs5 115520908 115544894 0.49185667752443
hs19 5784832 5791238 0.908794788273616
hs14 24439766 24442905 0.628664495114006
hs10 24848607 24952604 0.780130293159609
hs3 100334701 100356866 0.830618892508143
hs1 197911902 197935478 0.00162866449511401
hs1 226897536 226987545 0.719869706840391
hs7 134527592 134541408 0.788273615635179
hs19 49429401 49442360 0.392508143322476
hs7 16599776 16645817 0.454397394136808
hs6 87514378 87590003 0.977198697068404
hs14 94048291 94081245 0.913680781758958
hs11 22338097 22379503 0.407166123778502
hs12 4321205 4354593 0.758957654723127
hs6 107152557 107459564 0.783387622149837
hs12 68686734 68745809 0
hs6 5102593 5260950 0
hs19 19645198 19663693 0.89413680781759
hs1 25617468 25786207 0.00651465798045603
hs2 240565804 240581372 0.638436482084691
hs14 77800083 77935012 0.724755700325733
hs6 30908242 30926459 0.988599348534202
hs2 195575977 195737702 0.368078175895765
hs4 124664052 124712732 0.530944625407166
hs4 47485288 47593486 0.623778501628665
hs6 138161921 138344663 0
hs2 161424332 161985282 0
hs3 58237506 58295693 0.806188925081433
hs10 102869516 102901899 0.749185667752443
hs20 19212646 19722937 0.43485342019544
hs11 123525636 123627774 0
hs5 65722196 65871725 0.52442996742671
hs7 158730995 158830253 0.00162866449511401
hs6 156777929 157210779 0.00162866449511401
hs12 8681600 8783095 0.566775244299674
hs2 8725278 8837630 0.530944625407166
hs6 44299654 44313326 0.98371335504886
hs13 39655627 39791665 0.00162866449511401
hs6 122443354 122471822 0
hs16 2177180 2196525 0.465798045602606
hs6 104728093 104859919 0.495114006514658
hs18 21704957 21870957 0.495114006514658
hs12 124946825 124989122 0.49185667752443
hs17 28905250 28951771 0
hs2 18554723 18560680 0.96742671009772
hs16 77788530 77980107 0.767100977198697
hs12 123602077 123620941 0.957654723127036
hs14 45135940 45200890 0.965798045602606
hs9 123379654 123930152 0.00162866449511401
hs3 170459584 170586074 0.627035830618892
hs2 97492663 97589965 0.433224755700326
hs5 73552335 73565686 0.522801302931596
hs2 74216242 74343414 0.00162866449511401
hs20 38033546 38127780 0.00162866449511401
hs14 34561094 34630183 0.00325732899022801
hs2 201644870 201698694 0.95114006514658
hs20 36573488 36593950 0.00162866449511401
hs2 107986523 108013994 0.522801302931596
hs15 75023555 75117462 0.91042345276873
hs2 200889327 200903930 0.50814332247557
hs17 12992391 13018187 0.465798045602606
hs4 44678427 44700926 0.99185667752443
hs9 85941146 86022298 0
hs20 38962299 39039723 0.503257328990228
hs3 128153454 128408646 0.985342019543974
hs17 41812680 41823217 0.693811074918567
hs17 2303383 2325260 0.91042345276873
hs11 6680782 6683401 0.985342019543974
hs11 125164687 125433389 0
hs3 94062916 94128545 0.853420195439739
hs20 62952647 62969585 0.625407166123778
hs16 788622 800737 0.578175895765472
hs20 9986126 10058303 0.506514657980456
hs1 175010789 175023425 0.969055374592834
hs7 50444128 50542535 0.986970684039088
hs2 27781364 27891098 0.863192182410424
hs5 71587288 71658704 0.776872964169381
hs17 82057506 82065887 0.91042345276873
hs2 162267079 162318703 0.96742671009772
hs11 119149012 119162653 0.985342019543974
hs16 69328621 69330595 0.970684039087948
hs5 96875939 96919716 0.656351791530945
hs2 189746660 189763227 0.97557003257329
hs10 21756537 22003769 0.982084690553746
hs1 246540560 246566324 0.399022801302932
hs1 179081377 179098023 0.4185667752443
hs2 43812472 43838865 0.990228013029316
hs2 43838964 43878466 0.98371335504886
hs17 799313 979770 0.498371335504886
hs14 67241109 67335819 0.957654723127036
hs6 134917390 134950122 0.856677524429967
hs16 283152 287215 0.956026058631922
hs9 132592997 132670401 0.964169381107492
hs15 76336724 76342476 0
hs5 113513683 113595285 0.558631921824104
hs4 108742040 108763054 0.928338762214984
hs5 34998101 35048135 0.923452768729642
hs6 44113454 44127457 0.817589576547231
hs1 36455718 36464437 0.780130293159609
hs15 88467453 88480773 0.978827361563518
hs2 105037983 105099960 0.980456026058632
hs2 95087207 95149434 0.913680781758958
hs5 1798386 1801366 0.607491856677524
hs19 17292609 17306843 0.602605863192182
hs11 66435075 66466738 0.99185667752443
hs1 151759643 151763564 0.793159609120521
hs4 77862520 77952790 0.574918566775244
hs3 48625723 48635493 0.653094462540717
hs12 57619527 57626151 0.622149837133551
hs1 1751232 1780457 0.941368078175896
hs8 143603913 143609773 0.876221498371335
hs12 125065379 125143333 0.804560260586319
hs10 68901278 68946847 0.977198697068404
hs15 45402331 45421419 0.988599348534202
hs12 113157174 113185479 0.939739413680782
hs12 132144448 132152473 0
hs11 78100936 78139660 0
hs17 81976807 82017406 0.00488599348534202
hs2 219209772 219229717 0.00325732899022801
hs22 49900229 49918458 0.00814332247557003
hs17 42101404 42112733 0.957654723127036
hs20 13784950 13821582 0.306188925081433
hs17 7235028 7239722 0
hs17 36591798 36600806 0.96742671009772
hs20 44475886 44494603 0
hs16 55323760 55330760 0.00162866449511401
hs16 54283304 54286763 0
hs5 3596054 3601403 0
hs3 194402672 194498364 0.913680781758958
hs1 230906243 230978875 0.640065146579805
hs13 110641412 110713603 0.962540716612378
hs1 156737303 156741590 0.853420195439739
hs12 80936414 81261205 0.879478827361563
hs5 160251652 160345396 0
hs15 82130230 82262763 0.995114006514658
hs15 75346955 75357114 0.346905537459283
hs17 59565525 59608345 0.493485342019544
hs2 17663812 17800242 0.610749185667752
hs3 114005833 114088422 0.881107491856677
hs1 37802944 37808185 0.954397394136808
hs20 58689131 58719238 0.728013029315961
hs5 56099678 56233359 0.441368078175896
hs1 26410778 26429722 0.737785016286645
hs11 78435961 78574874 0.939739413680782
hs10 11742366 11764070 0.739413680781759
hs10 5638867 5666595 0.486970684039088
hs19 55452985 55462343 0.342019543973941
hs2 236324147 236507542 0.923452768729642
hs11 111786286 111879425 0.00651465798045603
hs4 105708778 105847728 0.265472312703583
hs1 15572353 15585110 0.583061889250814
hs11 119185457 119190223 0.423452768729642
hs8 22106872 22109419 0.822475570032573
hs3 132654446 132678097 0.858306188925081
hs17 45023340 45061109 0.95114006514658
hs3 13479724 13506424 0.610749185667752
hs5 1456480 1523977 0.452768729641694
hs15 49858238 50182817 0.55700325732899
hs10 25016658 25026664 0.900651465798046
hs12 21437615 21471252 0.734527687296417
hs17 36601572 36608971 0.978827361563518
hs5 35617844 35814611 0.384364820846906
hs19 40691529 40718207 0.718241042345277
hs14 50237563 50312548 0.513029315960912
hs1 26432282 26471294 0.956026058631922
hs1 156243321 156248117 0.00162866449511401
hs19 6467207 6482557 0.00488599348534202
hs1 111187174 111204535 0
hs12 49346917 49357546 0.98371335504886
hsX 101009346 101052116 0.796416938110749
hs4 99896248 99946726 0.988599348534202
hs22 36487190 36507101 0.488599348534202
hs2 106093303 106194339 0.938110749185668
hs3 113716460 113746300 0.716612377850163
hs2 197453423 197475308 0.328990228013029
hs17 50426158 50474845 0.882736156351791
hs1 150487364 150507609 0.978827361563518
hs14 31489956 31861224 0.907166123778502
hs16 30985207 30989152 0.905537459283388
hs4 7058906 7068197 0.94299674267101
hs1 154983338 154993111 0.755700325732899
hs12 131929200 131945896 0.876221498371335
hs3 127672935 127680920 0
hs20 63895182 63936031 0.980456026058632
hs20 13849247 13996443 0.408794788273616
hs17 42561467 42566277 0.929967426710098
hs10 91798312 91865276 0.51628664495114
hs19 19561707 19618916 0
hs12 111686056 111757107 0.758957654723127
hs2 39736060 39779267 0.571661237785016
hs17 42950526 42964498 0.95928338762215
hs7 36153149 36301543 0.713355048859935
hs1 182789293 182830384 0.828990228013029
hs14 51240162 51257546 0.947882736156352
hs11 75434640 75525903 0.643322475570033
hs6 7881517 7910814 0.969055374592834
hs11 72292425 72434680 0.985342019543974
hs13 49247925 49293485 0.493485342019544
hs19 6135247 6193094 0.859934853420195
hs13 49308650 49444126 0.00162866449511401
hs9 86264546 86282538 0.703583061889251
hs16 1826941 1840207 0.718241042345277
hs19 10701430 10713437 0.876221498371335
hs9 113373419 113376999 0.649837133550489
hs7 73736094 73738867 0.789902280130293
hs18 46917492 47102243 0.98371335504886
hs1 200623896 200669969 0.965798045602606
hs13 45464898 45536630 0
hs10 4786629 4848062 0.750814332247557
hs5 103548855 103562793 0.745928338762215
hs22 50200979 50217616 0.416938110749186
hs15 62390526 62844631 0
hs16 84122146 84145192 0.956026058631922
hs5 140360202 140375143 0.00162866449511401
hs16 48244296 48363122 0.921824104234528
hs12 29500840 29784759 0.765472312703583
hs1 1471769 1497848 0.980456026058632
hs4 185204237 185370185 0.00162866449511401
hs22 50245183 50251405 0.610749185667752
hs8 124488485 124539458 0.970684039087948
hs20 3227417 3239190 0
hs16 28974221 28984548 0.701954397394137
hs7 117710651 117874139 0.568403908794788
hs13 30202630 30307484 0.990228013029316
hs18 47107403 47150520 0.521172638436482
hs4 146253975 146521964 0.293159609120521
hs4 163471093 163473746 0.982084690553746
hs19 32597007 32676597 0.501628664495114
hs2 135136916 135531236 0.636807817589576
hs1 161225939 161230744 0.00162866449511401
hs10 61901300 62096944 0.00325732899022801
hs2 112541915 112577150 0.985342019543974
hs20 41402101 41618494 0.640065146579805
hs14 99397746 99480879 0
hs18 9885726 9889275 0.946254071661238
hs3 193402077 193593111 0.920195439739414
hs19 13764532 13774282 0.444625407166124
hs5 6371881 6378594 0.00325732899022801
hs11 103062076 103092215 0
hs9 112379937 112472410 0.863192182410424
hs16 726936 735525 0.871335504885994
hs12 120503274 120534434 0.907166123778502
hs7 73680969 73683453 0.982084690553746
hs2 241702035 241729478 0.00162866449511401
hs17 42773436 42779599 0
hs1 180269653 180502954 0.482084690553746
hs5 74721204 74767371 0.996742671009772
hs4 7965310 8158832 0
hs20 25006230 25058980 0.86970684039088
hs16 4803203 4847342 0.705211726384365
hsX 46599252 46759172 0.456026058631922
hs11 44065925 44084222 0.947882736156352
hs9 35812960 35815354 0.949511400651466
hs19 17334920 17342735 0.988599348534202
hs16 46884378 46931297 0.94299674267101
hs18 74534440 74587212 0.798045602605863
hs19 18193182 18196948 0.00162866449511401
hs4 79225694 79326050 0.389250814332248
hs2 102715840 102736888 0.757328990228013
hs6 106571971 106629487 0.762214983713355
hs4 168863770 169010275 0.972312703583062
hs11 126202094 126211692 0.982084690553746
hs10 70098223 70132934 0.876221498371335
hsX 70925582 70931125 0.661237785016287
hs10 5890203 5937594 0.506514657980456
hs10 87751512 87841343 0.98371335504886
hs13 100603927 100675093 0.672638436482085
hs2 112055223 112119318 0
hs12 34022281 34029694 0.00162866449511401
hs13 108218379 108234255 0.604234527687296
hs5 178208497 178232791 0.925081433224756
hs6 149504733 149546038 0.850162866449511
hs6 52361421 52407777 0
hs16 48166910 48247568 0.986970684039088
hs9 99216426 99221956 0.802931596091205
hs12 55820960 55830824 0.973941368078176
hs19 32978593 33064888 0
hs1 62454728 62688368 0
hs20 63558086 63574239 0.874592833876222
hs2 158968634 159232659 0.50814332247557
hs3 158644278 158692575 0.990228013029316
hs8 66021560 66100526 0.980456026058632
hs7 90335223 90391455 0.985342019543974
hs2 55634063 55693910 0.956026058631922
hs6 43427366 43450430 0.982084690553746
hs1 154321090 154325325 0.493485342019544
hs1 180230286 180278982 0
hsX 89921882 89922883 0.00162866449511401
hs19 51097606 51108370 0.773615635179153
hsY 3579245 3579802 0.00162866449511401
hs1 31790422 31816051 0
hs7 140673153 140696261 0.688925081433225
hs2 38797729 38875934 0.5
hs11 46277661 46321422 0
hs5 110738136 110765161 0
hs22 22644475 22647903 0.504885993485342
hs4 168356735 168537786 0.504885993485342
hs2 196967017 197311173 0.521172638436482
hs2 6865806 6898239 0.583061889250814
hs12 123232916 123257959 0.977198697068404
hs11 107502726 107565746 0.561889250814332
hs3 16265199 16350299 0.618892508143323
hs10 133394094 133421307 0.620521172638437
hs5 36098412 36151961 0
hs9 122264603 122323464 0.96742671009772
hs15 59206823 59208515 0.63029315960912
hs10 125896539 126009592 0.519543973941368
hs20 18567453 18763917 0.705211726384365
hs12 66302545 66347645 0.436482084690554
hs2 197705369 197708387 0.986970684039088
hs12 56266858 56270966 0.330618892508143
hs8 143574785 143578649 0.490228013029316
hs16 81988855 82011488 0.915309446254072
hs6 129576132 129710225 0
hs4 8269765 8307111 0.952768729641694
hs10 31805404 31928876 0
hs16 48082973 48156018 0.978827361563518
hs17 7626234 7627876 0.714983713355049
hs14 31446036 31457510 0.302931596091205
hs19 55039108 55071291 0.965798045602606
hs19 10310045 10316015 0.408794788273616
hs16 784974 788397 0.977198697068404
hs19 1905378 1913447 0.877850162866449
hs17 28394756 28407197 0.289902280130293
hs12 50392383 50480004 0
hs1 33081104 33120530 0.835504885993485
hs4 83407343 83455856 0.651465798045603
hs8 144509074 144511213 0.372964169381107
hs12 113422237 113438276 0.913680781758958
hs7 73683025 73705161 0.58957654723127
hs3 126571779 126655155 0.960912052117264
hs3 126571779 126655155 0
hs3 126571779 126655155 0.960912052117264
hs3 126571779 126655155 0
hs12 39755021 40106089 0.54071661237785
hs15 63121800 63142061 0.521172638436482
hs11 63369789 63410294 0.397394136807818
hs1 205913048 205943460 0.574918566775244
hs8 91209494 91398152 0.643322475570033
hs1 58415384 58546802 0.5814332247557
hs7 23298739 23311729 0.928338762214984
hs16 24845841 24911628 0.543973941368078
hs15 66293217 66333898 0.833876221498371
hs13 49628299 49633872 0.511400651465798
hs14 24290598 24299833 0.962540716612378
hs6 117675502 117710640 0.586319218241042
hs16 20623237 20698890 0.885993485342019
hs6 35943514 36024868 0.620521172638437
hs17 81833492 81835050 0.46742671009772
hs17 63819433 63830012 0.412052117263844
hs16 70246778 70251930 0.356677524429967
hs10 75233969 75236030 0.485342019543974
hs10 104268873 104304945 0.39413680781759
hs11 31369840 31432832 0.985342019543974
hs12 56923154 56934405 0.964169381107492
hs14 103928462 104052667 0.503257328990228
hs14 96392111 96489427 0.667752442996743
hs14 104724186 104747325 0.929967426710098
hs14 57390544 57415917 0.482084690553746
hs15 65001512 65029639 0.96742671009772
hs15 101653598 101724604 0.986970684039088
hs15 41981582 42051190 0.00488599348534202
hs16 20451461 20487667 0.877850162866449
hs16 20854925 20900384 0.00162866449511401
hs16 2969245 2973489 0.00162866449511401
hs16 80597906 80804329 0.714983713355049
hs16 23522014 23557731 0.988599348534202
hs17 58420167 58488384 0
hs17 44034635 44067619 0
hs17 4556927 4560818 0.372964169381107
hs17 18950345 19022595 0.648208469055375
hs19 55349306 55354814 0
hs19 16479057 16496192 0.00162866449511401
hs19 49453169 49471048 0.822475570032573
hs1 151070578 151125542 0.449511400651466
hs1 1308567 1311677 0.960912052117264
hs1 46506996 46514226 0.00162866449511401
hs1 156591762 156594299 0.701954397394137
hs1 212791828 212816626 0.973941368078176
hs22 37830855 37849327 0.49185667752443
hs2 231961245 232344350 0.835504885993485
hs6 42050513 42087461 0
hs2 43637273 43767987 0.00488599348534202
hs2 19896643 19901986 0.478827361563518
hs3 180983709 180989774 0.384364820846906
hs3 14112077 14124870 0.00162866449511401
hs3 11790442 11846919 0
hs4 44682200 44726595 0.44299674267101
hs4 56338287 56387508 0.868078175895766
hs5 34929593 34958964 0.98371335504886
hs5 149345430 149354583 0.928338762214984
hs6 143422832 143450673 0.907166123778502
hs6 125956781 125980244 0.755700325732899
hs7 135926761 135977353 0.495114006514658
hs7 135926761 135977353 0
hs7 135926761 135977353 0.495114006514658
hs7 135926761 135977353 0
hs7 134127299 134264591 0.921824104234528
hs7 151175698 151187832 0.447882736156352
hs7 117363222 117428123 0.485342019543974
hs8 66430185 66471601 0.669381107491857
hs9 127692978 127724873 0.969055374592834
hs9 34621379 34628107 0
hsX 75274085 75304600 0.662866449511401
hsX 15281697 15315656 0.441368078175896
hs4 176213673 176277571 0.446254071661238
hs15 100602534 100651705 0.488599348534202
hs12 48147788 48181213 0.495114006514658
hs20 62463497 62475970 0
hs20 25612935 25624175 0.851791530944625
hs7 123567010 123639481 0.49185667752443
hs3 57268347 57292682 0.482084690553746
hsX 64224196 64230631 0.457654723127036
hs10 95194200 95228928 0.866449511400652
hs10 114938193 114977676 0.962540716612378
hs10 28050993 28334486 0.949511400651466
hs11 7238778 7469042 0.00162866449511401
hs12 95943293 95968716 0.578175895765472
hs12 38316578 38329728 0.00162866449511401
hs12 128853427 128984968 0.584690553745928
hs13 43879284 43893932 0.749185667752443
hs14 67701886 67734452 0.965798045602606
hs14 94768216 94770230 0
hs14 50872160 50904970 0.586319218241042
hs17 82942155 83051810 0.814332247557003
hs17 19678288 19718979 0.623778501628665
hs17 28897781 28903071 0.960912052117264
hs18 23598926 23662885 0.517915309446254
hs19 45764785 45769226 0.00162866449511401
hs19 1782075 1812276 0.576547231270358
hs1 114089291 114153919 0.00162866449511401
hs1 222712553 222735196 0.00162866449511401
hs1 205828022 205850132 0.804560260586319
hs1 100896076 100981753 0.672638436482085
hs22 16590751 16592810 0.897394136807818
hs22 20965108 20981360 0.988599348534202
hs22 40859549 40862126 0.982084690553746
hs2 97083583 97094882 0.723127035830619
hs4 78887127 78939438 0
hs5 90458203 90474768 0.820846905537459
hs5 2745845 2751662 0
hs6 133988697 134052636 0.592833876221498
hs7 48171458 48647496 0.978827361563518
hs7 73834590 73842535 0.653094462540717
hs8 73294612 73325281 0.969055374592834
hs8 100509752 100559784 0.428338762214984
hs8 86214052 86321146 0.615635179153095
hs9 132725578 132878777 0.954397394136808
hs9 97600080 97633575 0.436482084690554
hsX 57286706 57489196 0.872964169381108
hsX 120109053 120115937 0.00162866449511401
hsX 70234655 70240627 0.011400651465798
hs10 99532933 99536524 0
hs10 93893973 93956062 0.353420195439739
hs11 26667019 26723427 0.644951140065147
hs11 18455824 18479600 0.701954397394137
hs12 82686880 83134870 0.631921824104234
hs12 88142296 88199887 0.623778501628665
hs12 105019784 105084577 0.97557003257329
hs12 31382223 31591097 0.00488599348534202
hs13 38965925 38991066 0.773615635179153
hs15 43330674 43354555 0.337133550488599
hs17 44004546 44009063 0.289902280130293
hs17 7041630 7043923 0.403908794788274
hs1 114582848 114670422 0
hs1 197504748 197775696 0.00162866449511401
hs1 91260766 91404869 0.646579804560261
hs1 25861210 25871253 0
hs2 74518131 74526336 0.501628664495114
hs3 128462439 128467248 0.98371335504886
hs4 122923074 123319450 0.990228013029316
hs7 151956379 152019934 0.501628664495114
hsX 22999961 23003589 0.962540716612378
hs7 150514830 150521073 0.366449511400651
hs8 116950273 117176714 0.775244299674267
hs3 154272546 154324497 0.504885993485342
hsX 51332231 51337525 0.641693811074919
hs8 56300010 56320776 0.969055374592834
hs11 28108248 28333507 0.978827361563518
hs11 31432401 31509645 0.780130293159609
hs12 55681546 55684611 0.754071661237785
hs16 75111860 75116771 0.809446254071661
hs16 89088375 89155846 0.877850162866449
hs1 48222685 48248644 0.612377850162866
hs1 145845629 145848953 0.294788273615635
hs1 228165815 228182257 0.457654723127036
hs2 96824526 96857934 0.477198697068404
hs3 94047836 94063389 0.591205211726384
hs17 9771434 9791297 0.965798045602606
hs17 17200995 17206315 0.343648208469055
hs17 7036075 7040121 0.423452768729642
hs17 82018702 82024107 0
hs17 72645949 73092712 0.412052117263844
hs17 75827225 75844717 0.00325732899022801
hs5 139408588 139444491 0.98371335504886
hs5 36248434 36302114 0
hs8 144373101 144393242 0.721498371335505
hs8 142212080 142403240 0
hs8 38974164 38988662 0.95114006514658
hs9 98731329 98796965 0.5
hs16 20359170 20404737 0.778501628664495
hs5 115962454 116027619 0.641693811074919
hsX 2219516 2502805 0.960912052117264
hs1 1449689 1470158 0.98371335504886
hs13 27792643 27794768 0
hs11 125063067 125090516 0.407166123778502
hs11 68891276 68903835 0.530944625407166
hs11 59636716 59668980 0
hs11 77216558 77301687 0.666123778501629
hs10 18545561 18651622 0.871335504885994
hs6 109492856 109691217 0.96742671009772
hs6 18155329 18223853 0.734527687296417
hs7 18026774 18027863 0.973941368078176
hs7 4905989 4959213 0.39413680781759
hs7 103099776 103149560 0.456026058631922
hs12 100357079 100422059 0.374592833876221
hs17 16683438 16684227 0.773615635179153
hs6 108294894 108526796 0.366449511400651
hs8 11769639 11787346 0.63029315960912
hs1 92029982 92063536 0.812703583061889
hsY 24045604 24047688 0.716612377850163
hs12 31647160 31673114 0.526058631921824
hs2 171999583 172082430 0.985342019543974
hs11 65833641 65856896 0
hs15 34358618 34367278 0.50814332247557
hs16 15395754 15413268 0
hs9 110303521 110337884 0.954397394136808
hs3 142163572 142225607 0.718241042345277
hs5 80111651 80256079 0.00162866449511401
hs6 28503296 28528215 0.49185667752443
hs10 116671192 116742574 0.420195439739414
hs19 49889654 49929539 0.724755700325733
hs1 113390749 113685923 0.853420195439739
hs1 168178933 168202114 0
hs10 27672875 27746060 0.00325732899022801
hs11 74330318 74398473 0.952768729641694
hs12 56237807 56258391 0.517915309446254
hs15 42067009 42094554 0.00488599348534202
hs17 75516060 75524739 0
hs17 6684713 6713567 0.338762214983713
hs17 80219699 80253500 0.659609120521173
hs17 59220467 59275967 0.682410423452769
hs18 75195108 75209348 0.776872964169381
hs1 42380795 42422578 0.627035830618892
hs2 27275421 27281499 0.978827361563518
hs3 143265222 143848531 0.464169381107492
hs3 3700814 4467281 0.537459283387622
hs3 9837849 9844602 0.558631921824104
hs4 73056080 73069755 0.431596091205212
hs4 48497361 48780322 0
hs5 151276762 151303766 0
hs6 109390215 109441171 0.825732899022801
hs7 151012209 151024499 0.00325732899022801
hsX 139726346 139945276 0.596091205211726
hs3 71675416 71754773 0.00162866449511401
hs21 13609858 13641585 0.478827361563518
hs12 132136594 132144335 0.947882736156352
hs11 83193739 83260694 0.454397394136808
hs5 1201595 1225117 0.345276872964169
hs7 20615207 20777038 0.98371335504886
hs12 7304284 7328724 0.882736156351791
hs18 12093853 12129749 0.45928338762215
hs3 142949164 142963682 0
hs3 193274790 193378843 0.905537459283388
hs4 87303789 87322906 0.969055374592834
hs1 31409565 31434680 0
hs3 138261437 138329886 0.900651465798046
hs15 64911902 64958700 0.47557003257329
hs16 20536226 20576427 0.881107491856677
hs5 1225355 1246189 0.348534201954397
hs5 45259247 45696151 0.389250814332248
hs3 139560180 139678017 0.485342019543974
hs4 2071918 2242121 0.944625407166124
hs19 1383527 1395589 0.708469055374593
hs10 113854661 113917194 0.4185667752443
hs11 73950319 73970366 0.985342019543974
hs14 104085679 104115581 0.705211726384365
hs15 90929964 90932569 0.9185667752443
hs18 14728272 14852738 0.439739413680782
hs18 79069285 79378283 0.633550488599348
hs19 5680604 5688523 0.954397394136808
hs19 19528861 19537581 0.49185667752443
hs7 103352730 103446177 0.628664495114006
hs9 95875701 96014571 0.576547231270358
hs9 95875701 96014571 0
hs9 95875701 96014571 0.576547231270358
hs9 95875701 96014571 0
hs9 137459953 137550534 0.745928338762215
hs19 17468769 17506168 0.858306188925081
hs1 46340177 46365152 0.842019543973941
hs10 89430299 89556641 0.454397394136808
hs10 116849512 116911788 0.96742671009772
hs11 74491712 74493733 0.703583061889251
hs18 14507339 14543585 0.488599348534202
hs1 110150486 110202202 0.343648208469055
hs1 234373456 234384049 0.00325732899022801
hs2 102473303 102533972 0.472312703583062
hs4 42893267 43030658 0.286644951140065
hs6 104957048 105083332 0.745928338762215
hs6 150368892 150405969 0.519543973941368
hs11 44047981 44059977 0.946254071661238
hs11 95025258 95027596 0.00162866449511401
hs11 122977570 122981720 0
hs10 124748149 124791870 0.571661237785016
hs2 95836919 95991831 0.428338762214984
hs9 20999515 21031636 0
hs5 140401908 140549569 0.527687296416938
hs14 19402486 19434341 0.472312703583062
hs9 83623049 83644130 0.539087947882736
hs13 52012398 52029664 0.561889250814332
hs15 39934146 40035591 0.807817589576547
hs15 54012904 54633414 0
hs4 74114174 74303099 0.956026058631922
hs7 134549136 134579875 0.754071661237785
hs9 40223285 40266392 0.441368078175896
hs1 1418420 1421769 0.498371335504886
hs2 131218067 131265278 0.469055374592834
hs2 98599310 98608515 0.00162866449511401
hs12 104303739 104305202 0
hs5 55160118 55167071 0.511400651465798
hs9 111631352 111654351 0.985342019543974
hs9 111631386 111670229 0.982084690553746
hs16 30192934 30194306 0.358306188925081
hs16 30192934 30194306 0.358306188925081
hs16 30192934 30194306 0.358306188925081
hs16 30192934 30194306 0.358306188925081
hs15 43794162 43800221 0
hs14 18967434 18999012 0.477198697068404
hs9 41131306 41199261 0.504885993485342
hs10 49364181 49396016 0.00162866449511401
hs20 21395367 21398028 0
hs1 148479824 148483679 0.835504885993485
hs1 145241630 145242124 0.837133550488599
hs2 130459455 130509666 0.464169381107492
hs1 120889746 120890405 0.833876221498371
hs1 146344006 146344790 0.832247557003257
hs2 130611481 130658091 0.45928338762215
hsX 120072264 120077705 0.00162866449511401
hs2 241734579 241768816 0.806188925081433
hs2 130073535 130129222 0.46742671009772
hs14 23953586 23969279 0.964169381107492
hs5 75611459 75671846 0.480456026058632
hs1 144372875 144373659 0.830618892508143
hs1 144372875 144373659 0.835504885993485
hs1 144372875 144373659 0.830618892508143
hs1 144372875 144373659 0.835504885993485
hs10 103245887 103248016 0.957654723127036
hs7 16091192 16421322 0.786644951140065
hs19 10304803 10309880 0.00162866449511401
hs1 161037631 161038990 0.698697068403909
hs19 19145568 19170289 0.00325732899022801
hs7 102482445 102517781 0.00162866449511401
hs15 20835372 20866314 0.486970684039088
hs15 20835372 20866314 0.49185667752443
hs15 20835372 20866314 0.486970684039088
hs15 20835372 20866314 0.49185667752443
hs15 21408243 21440451 0.480456026058632
hs2 18555545 18589564 0.885993485342019
hs15 79845195 79923754 0.695439739413681
hs6 34288770 34426048 0.464169381107492
hs17 42950526 42980528 0.95928338762215
hs4 88520985 88523813 0.392508143322476
